5.186942543178835879e-02 0.000000000000000000e+00
1.556082762953650833e-01 0.000000000000000000e+00
2.593471271589418148e-01 0.000000000000000000e+00
3.630859780225185185e-01 0.000000000000000000e+00
4.668248288860952222e-01 0.000000000000000000e+00
5.705636797496720369e-01 0.000000000000000000e+00
6.743025306132486296e-01 0.000000000000000000e+00
7.780413814768254444e-01 1.039905514137855029e-02
8.817802323404020370e-01 8.872887173486216916e-01
9.855190832039788518e-01 2.406793102910381510e+00
1.089257934067555667e+00 1.537886443883263343e+00
1.192996784931132259e+00 4.495677737596945889e-01
1.296735635794708852e+00 7.836037482637907281e-02
1.400474486658285667e+00 7.174330929378074095e-02
1.504213337521862481e+00 5.092907658643981428e-01
1.607952188385439074e+00 1.718518248785946723e+00
1.711691039249015889e+00 2.278662507268493176e+00
1.815429890112592481e+00 1.437605436129004266e+00
1.919168740976169296e+00 1.091754390822502252e+00
2.022907591839746111e+00 1.293643075430110700e+00
2.126646442703322926e+00 8.467789747550510393e-01
2.230385293566899296e+00 3.526231466742338339e-01
2.334124144430476111e+00 6.342950750598032039e-01
2.437862995294052926e+00 1.926860266516026599e+00
2.541601846157629740e+00 2.967296423239428105e+00
2.645340697021206111e+00 1.951582615741637605e+00
2.749079547884782926e+00 6.247132721125923105e-01
2.852818398748359741e+00 4.055798696894689637e-01
2.956557249611936555e+00 8.938492149865588932e-01
3.060296100475513370e+00 1.235988069035973913e+00
3.164034951339089741e+00 1.078718096991880149e+00
3.267773802202666555e+00 1.530866585930074297e+00
3.371512653066243370e+00 2.180342937086661159e+00
3.475251503929820185e+00 1.628375247342728205e+00
3.578990354793396556e+00 5.987649870133215924e-01
3.682729205656973370e+00 1.182167618598663344e-01
3.786468056520550185e+00 1.358847520908567086e-01
3.890206907384127000e+00 6.274687575528002936e-01
3.993945758247703814e+00 1.507424460659617216e+00
4.097684609111280629e+00 1.744495316298378063e+00
4.201423459974857444e+00 9.650455464793770144e-01
4.305162310838433370e+00 2.493275408270800853e-01
4.408901161702010185e+00 3.239076624450431402e-02
4.512640012565587000e+00 3.831677362502403008e-03
4.616378863429163815e+00 7.646988261023879123e-03
4.720117714292740629e+00 7.184790614129982211e-02
4.823856565156317444e+00 4.660391377869326779e-01
4.927595416019894259e+00 1.403197262246050459e+00
5.031334266883471074e+00 inf
