17 11 13 21 22 24 29 32 36 40 42 43 52 60 63 68 86 97
10 6 13 46 48 51 56 66 72 76 91
21 4 9 12 13 15 18 19 21 25 28 34 37 40 42 50 59 62 66 71 92 99
42 22 30 35 39 42 46 50 52 54 55 58 59 60 61 62 63 64 68 70 71 73 75 76 77 78 80 81 82 84 85 86 87 88 89 90 92 94 96 97 98 99 100
12 2 12 15 21 25 28 31 44 45 58 78 87
8 8 30 33 34 39 69 79 95
18 1 11 13 22 36 43 48 51 56 66 70 72 74 75 81 83 91 93
13 9 10 17 18 19 20 21 23 37 45 47 85 88
9 5 14 16 26 33 39 53 69 90
16 2 7 10 12 15 18 19 21 23 28 37 50 77 85 88 98
14 7 9 15 17 18 19 20 27 34 41 47 50 77 88
14 0 6 22 43 48 51 52 55 60 63 66 70 72 75
10 2 4 9 21 23 25 28 78 85 88
29 0 1 2 6 29 32 36 37 38 40 42 48 49 54 56 61 62 65 66 73 80 81 83 91 92 93 96 99 100
9 8 15 16 26 34 39 47 87 90
19 2 4 9 10 14 17 18 19 23 25 28 34 39 42 44 45 47 87 90
13 8 14 26 27 33 34 39 41 53 57 67 89 90
14 7 10 15 20 23 26 27 34 39 41 47 77 88 89
14 2 7 9 10 15 19 28 37 41 50 59 84 98 99
16 2 7 9 10 15 18 23 34 41 42 45 47 50 59 71 84
11 7 10 17 23 26 28 45 47 88 89 90
19 0 2 4 7 9 12 23 24 25 31 32 37 38 42 44 78 85 94 97
15 0 3 6 11 29 36 42 43 48 55 58 60 66 76 87
12 7 9 12 15 17 19 20 21 28 45 85 88
15 0 21 29 31 32 36 38 40 42 44 68 82 85 94 97
12 2 4 12 15 21 28 31 42 44 45 47 87
11 8 14 16 17 20 27 34 39 47 89 90
10 10 16 17 26 34 39 41 67 77 89
12 2 4 9 12 15 18 20 23 25 45 78 88
12 0 13 22 24 31 32 40 42 44 58 60 87
16 3 5 33 34 35 39 42 53 57 66 69 79 84 89 90 95
12 4 21 24 25 29 32 40 44 58 78 86 87
13 0 13 21 24 29 31 40 58 60 63 78 86 97
13 5 8 16 30 34 39 41 42 53 57 69 84 95
22 2 5 10 14 15 16 17 19 26 27 30 33 39 41 42 59 62 66 71 79 84 95
21 3 30 42 46 49 54 62 65 66 70 71 75 76 77 79 80 81 84 89 92 95
16 0 6 13 22 24 40 42 43 52 64 66 68 70 73 75 81
15 2 7 9 13 18 21 38 40 42 44 82 85 96 98 99
11 13 21 24 37 40 42 44 68 82 85 96
17 3 5 8 14 15 16 17 26 27 30 33 34 42 47 69 87 90
19 0 2 13 24 29 31 32 36 37 38 42 61 64 68 73 82 96 98 99
14 10 16 17 18 19 27 33 34 50 53 57 67 77 84
24 0 2 3 13 15 19 21 22 24 25 29 30 33 34 35 36 37 38 39 40 44 66 76 87
9 0 6 11 22 36 51 52 70 75
11 4 15 21 24 25 29 31 37 38 42 87
12 4 7 15 19 20 23 25 28 47 78 87 88
17 1 3 35 51 55 56 65 66 72 74 75 76 79 81 83 91 93
16 7 10 14 15 17 19 20 25 26 39 45 78 87 88 89 90
12 1 6 11 13 22 51 55 56 66 72 76 91
9 13 35 54 62 65 66 79 80 91
15 2 3 9 10 18 19 41 59 71 77 84 85 88 98 99
12 1 6 11 43 46 48 55 72 74 75 76 83
13 0 3 11 36 43 55 60 63 64 68 70 86 97
11 8 16 30 33 41 57 67 69 89 90 95
12 3 13 35 49 65 70 73 80 81 92 93 100
13 3 11 22 46 48 51 52 60 70 75 76 83 87
11 1 6 13 46 48 65 72 74 83 91 93
10 16 30 33 41 53 67 84 89 90 95
11 3 4 22 29 31 32 60 63 78 86 87
12 2 3 18 19 34 50 62 71 77 84 88 99
12 0 3 11 22 29 32 52 55 58 63 70 87
12 3 13 40 62 64 68 73 80 92 96 99 100
15 2 3 13 34 35 49 59 61 66 71 79 80 92 96 99
10 0 3 11 32 52 58 60 64 68 86
11 3 36 40 52 61 63 68 70 73 81 96
12 13 35 46 49 54 56 66 79 80 81 91 93
19 1 2 6 11 13 22 30 34 35 36 42 46 48 49 62 65 76 79 91
10 16 27 41 53 57 77 84 89 90 95
15 0 3 24 36 38 40 52 61 63 64 82 86 94 96 97
8 5 8 30 33 39 53 90 95
14 3 6 11 35 36 43 52 54 55 60 64 73 75 81
14 2 3 19 34 35 50 59 62 77 79 84 88 95 99
11 1 6 11 46 48 51 56 74 75 76 91
11 3 13 36 40 54 61 64 70 81 96 100
9 6 46 51 56 72 75 81 83 91
14 3 6 11 35 36 43 46 51 55 70 72 74 81 83
11 1 3 22 35 42 46 48 51 55 66 72
14 3 9 10 17 27 35 41 50 59 67 71 84 88 89
17 3 4 12 21 28 31 32 45 47 58 82 85 86 87 88 94 97
12 5 30 34 35 46 49 62 65 66 71 91 95
10 3 13 35 49 54 61 62 65 92 96
15 3 6 13 35 36 46 54 64 65 70 73 74 75 83 93
10 3 24 37 38 40 68 78 85 94 96
10 6 13 46 51 55 56 74 75 81 93
17 3 18 19 30 33 34 35 41 50 57 59 67 71 77 89 90 95
18 3 7 9 12 21 23 24 37 38 50 78 82 87 88 94 96 97 98
11 0 3 31 32 52 58 63 68 78 87 97
21 3 4 14 15 22 25 29 31 39 42 44 45 47 55 58 60 78 85 86 88 90
21 3 7 9 10 12 17 20 23 28 45 47 50 59 71 77 78 85 87 89 90 98
16 3 16 17 20 26 27 30 35 47 53 57 67 77 84 88 90
19 3 8 14 15 16 20 26 30 39 47 53 57 67 69 84 87 88 89 95
12 1 6 13 46 48 49 56 65 66 72 74 79
10 2 3 13 35 54 61 62 80 99 100
8 6 13 46 54 56 65 81 83
9 3 21 24 68 78 82 85 96 97
13 5 30 33 34 35 53 57 67 69 71 79 84 90
16 3 13 37 38 40 61 62 64 68 73 80 82 85 94 98 99
11 0 3 21 24 32 52 68 78 85 86 94
10 3 9 18 37 40 50 85 88 96 99
14 2 3 13 18 37 40 50 59 61 62 71 92 96 98
6 3 13 54 61 73 92
