12 6 12 30 38 39 71 75 78 80 85 98 112
12 6 30 34 44 55 60 65 78 84 91 100 105
12 4 8 26 44 55 57 60 74 99 102 106 115
12 11 13 23 27 62 68 83 87 101 109 114 119
12 2 8 12 26 33 37 45 55 57 66 74 77
12 10 28 53 57 66 68 72 77 83 105 110 114
12 0 1 12 26 30 39 55 60 61 78 80 100
12 13 22 25 27 41 42 64 86 89 92 93 101
12 2 4 37 43 57 66 72 74 102 104 107 115
12 18 37 43 49 58 59 67 79 104 108 111 116
12 5 15 18 21 33 53 66 68 77 110 112 113
12 3 15 27 62 63 68 73 85 91 110 114 119
12 0 4 6 26 30 33 45 55 75 77 80 112
12 3 7 23 27 29 42 62 69 86 93 101 109
12 17 32 41 47 50 70 82 92 93 97 103 117
12 10 11 21 31 62 68 71 73 85 110 112 113
12 31 40 46 54 56 58 59 67 71 75 98 113
12 14 32 47 50 52 82 103 104 107 108 111 115
12 9 10 21 33 37 43 49 53 59 66 67 113
12 22 35 36 39 61 76 81 88 94 100 117 118
12 24 28 34 44 65 70 82 87 95 97 99 102
12 10 15 18 29 31 49 53 62 67 68 109 113
12 7 19 25 36 41 64 88 89 92 94 117 118
12 3 13 69 70 83 87 90 93 95 101 103 109
12 20 25 34 41 65 70 84 87 94 97 101 119
12 7 22 24 27 36 41 63 84 89 94 101 119
12 2 4 6 12 45 55 60 61 74 80 96 106
12 3 7 11 13 25 42 62 63 73 89 101 119
12 5 20 44 57 65 72 83 87 95 102 105 114
12 13 21 31 42 46 49 62 67 69 86 109 116
12 0 1 6 12 55 77 78 85 91 105 110 112
12 15 16 21 29 42 46 56 62 67 71 73 113
12 14 17 50 52 76 81 82 97 99 106 115 117
12 4 10 12 18 37 45 59 66 75 77 112 113
12 1 20 24 44 60 65 81 84 94 97 99 100
12 19 39 40 48 54 61 76 80 88 96 98 118
12 19 22 25 38 39 63 78 84 88 89 94 100
12 4 8 9 18 33 43 45 59 66 74 79 104
12 0 36 39 56 63 71 73 78 85 88 89 98
12 0 6 19 35 36 38 61 78 80 88 98 100
12 16 35 45 48 54 58 59 75 79 80 96 98
12 7 14 22 24 25 70 92 93 94 97 101 117
12 7 13 27 29 31 46 56 62 64 73 86 89
12 8 9 18 37 49 53 66 72 90 104 107 108
12 1 2 20 28 34 55 57 60 65 99 102 105
12 4 12 26 33 37 40 59 74 75 79 80 96
12 16 29 31 42 51 54 56 58 64 67 86 116
12 14 17 50 51 69 86 92 93 103 108 111 116
12 35 40 50 51 52 54 58 76 79 96 111 118
12 9 18 21 29 43 53 67 69 90 108 109 116
12 14 17 32 47 48 51 52 76 92 111 117 118
12 46 47 48 50 54 58 64 86 92 111 116 118
12 17 32 48 50 74 76 79 96 104 106 111 115
12 5 10 18 21 43 49 66 68 72 83 90 109
12 16 35 40 46 48 51 56 58 64 88 98 118
12 1 2 4 6 12 26 30 44 57 60 77 105
12 16 31 38 42 46 54 64 71 73 88 89 98
12 2 4 5 8 28 44 55 66 72 77 102 105
12 9 16 40 46 48 51 54 59 67 79 111 116
12 9 16 18 33 37 40 45 58 67 75 79 113
12 1 2 6 26 34 44 55 61 81 99 100 106
12 6 19 26 35 39 60 76 80 81 96 100 106
12 3 11 13 15 21 27 29 31 42 68 73 109
12 11 25 27 36 38 73 78 84 85 89 91 119
12 7 22 42 46 51 54 56 86 88 89 92 118
12 1 20 24 28 34 44 84 87 91 105 114 119
12 4 5 8 10 18 33 37 43 53 57 72 77
12 9 16 18 21 29 31 46 49 58 59 113 116
12 3 5 10 11 15 21 53 62 83 109 110 114
12 13 23 29 47 49 86 90 93 103 108 109 116
12 14 20 23 24 41 82 87 93 95 97 101 103
12 0 15 16 31 38 56 73 75 85 98 112 113
12 5 8 28 43 53 57 66 83 90 95 102 107
12 11 15 27 31 38 42 56 62 63 71 85 89
12 2 4 8 26 37 45 52 79 96 104 106 115
12 0 12 16 33 40 45 59 71 80 98 112 113
12 19 32 35 48 50 52 61 81 96 106 117 118
12 4 5 10 12 30 33 55 57 66 105 110 112
12 0 1 6 30 36 38 39 63 84 85 91 100
12 9 37 40 45 48 52 58 59 74 96 104 111
12 0 6 12 26 35 39 40 45 61 75 96 98
12 19 32 34 60 61 76 94 97 99 100 106 117
12 14 17 20 32 70 95 97 99 102 103 107 115
12 3 5 23 28 53 68 72 87 90 95 109 114
12 1 24 25 34 36 63 65 78 91 94 100 119
12 0 11 15 30 38 63 71 73 78 91 110 112
12 7 13 29 42 46 47 51 64 69 92 93 116
12 3 20 23 24 28 65 70 83 95 101 114 119
12 19 22 35 36 38 39 54 56 64 89 98 118
12 7 22 25 27 36 38 42 56 63 64 73 88
12 23 43 49 53 69 72 83 95 103 107 108 109
12 1 11 30 63 65 78 84 85 105 110 114 119
12 7 14 22 41 47 50 51 64 86 93 117 118
12 7 13 14 23 41 47 69 70 86 92 101 103
12 19 22 24 25 34 36 41 81 84 97 100 117
12 20 23 28 70 72 82 83 87 90 102 103 107
12 26 35 40 45 48 52 61 74 76 79 80 106
12 14 20 24 32 34 41 70 81 82 94 99 117
12 0 16 35 38 39 40 54 56 71 75 80 88
12 2 20 32 34 44 60 81 82 97 102 106 115
12 1 6 19 34 36 39 60 61 78 81 84 94
12 3 7 13 23 24 25 27 41 70 87 93 119
12 2 8 20 28 44 57 72 82 95 99 107 115
12 14 17 23 47 69 70 82 90 93 95 107 108
12 8 9 17 37 43 52 74 79 107 108 111 115
12 1 5 28 30 44 55 57 65 77 91 110 114
12 2 26 32 52 60 61 74 76 81 96 99 115
12 8 17 43 72 82 90 95 102 103 104 108 115
12 9 17 43 47 49 69 90 103 104 107 111 116
12 3 13 21 23 29 49 53 62 68 69 83 90
12 5 10 11 15 30 68 77 85 91 105 112 114
12 9 17 47 48 50 51 52 58 79 104 108 116
12 0 10 12 15 30 33 71 75 77 85 110 113
12 10 15 16 18 21 31 33 59 67 71 75 112
12 3 5 11 28 65 68 83 87 91 105 110 119
12 2 8 17 32 52 74 82 99 102 104 106 107
12 9 29 46 47 49 51 58 67 69 86 108 111
12 14 19 22 32 41 50 76 81 92 94 97 118
12 19 22 35 48 50 51 54 64 76 88 92 117
12 3 11 24 25 27 63 65 84 87 91 101 114
