12 11 18 27 32 79 80 81 83 88 89 99 108
12 5 7 9 24 41 47 53 54 56 64 91 119
14 9 21 30 35 39 41 43 54 60 71 74 84 105 111
12 7 15 16 48 50 61 62 63 77 94 115 116
12 31 38 39 44 57 73 92 93 97 98 107 114
12 1 9 28 33 53 56 64 66 70 75 90 119
12 18 27 30 42 60 67 81 84 87 98 105 112
12 1 3 15 24 47 62 64 77 91 94 116 119
12 25 32 58 59 65 80 82 89 90 103 109 110
12 1 2 5 21 28 41 43 53 54 56 66 71
13 23 25 33 36 45 49 75 82 86 102 103 117 118
12 0 12 20 32 40 63 72 79 88 89 99 109
13 11 22 34 35 37 40 50 63 69 72 79 88 94
12 14 16 17 26 29 48 61 68 76 78 97 106
12 13 17 52 68 73 78 93 95 97 101 106 118
12 3 7 24 40 63 65 94 109 110 115 116 119
12 3 13 17 31 48 50 57 61 62 76 77 97
12 13 14 16 19 31 61 77 78 93 97 100 101
13 0 6 27 30 42 67 80 81 83 84 104 108 117
12 17 31 44 47 51 56 64 75 77 93 100 101
12 11 26 29 32 48 59 63 72 96 99 109 115
13 2 9 30 41 53 58 66 71 84 104 108 111 113
12 12 24 35 37 40 41 74 79 91 94 111 113
11 10 28 33 45 51 52 75 85 101 102 118
12 1 7 15 22 40 41 53 65 91 94 113 119
12 8 10 33 49 59 70 75 82 86 90 103 110
12 13 20 29 48 49 59 61 78 86 96 106 115
13 0 6 18 42 46 55 60 69 81 83 88 99 112
12 5 9 23 33 43 51 56 66 71 75 85 102
12 13 20 26 46 48 55 68 72 76 96 99 106
13 2 6 18 21 60 67 71 84 85 87 104 105 108
12 4 16 17 19 44 47 57 62 77 92 93 97
12 0 8 11 20 59 80 82 83 89 96 99 109
11 5 10 23 25 28 66 70 75 90 102 103
12 12 35 37 38 46 50 57 69 72 76 88 107
15 2 12 22 34 37 38 39 60 69 74 79 81 84 88 111
12 10 42 45 49 55 82 83 95 96 106 117 118
12 12 22 34 35 38 50 57 62 74 91 92 94
12 4 34 35 37 39 57 60 69 74 92 98 107
13 2 4 35 38 43 44 54 60 74 92 98 105 114
12 11 12 15 22 24 63 65 79 89 94 109 113
12 1 2 9 21 22 24 53 54 74 91 111 113
12 6 18 27 36 45 55 67 83 87 95 112 117
12 2 9 28 39 44 51 54 56 71 85 105 114
12 4 19 31 39 43 47 51 54 56 92 93 114
12 10 23 36 42 52 67 85 87 95 102 117 118
12 27 29 34 55 68 69 72 76 88 99 107 112
12 1 7 19 31 44 54 56 62 64 77 91 92
12 3 13 16 20 26 29 50 61 63 72 76 115
11 10 25 26 36 59 78 82 86 96 106 118
12 3 12 16 34 37 48 57 62 63 72 76 94
12 19 23 28 43 44 52 56 75 85 93 101 114
12 14 23 45 51 73 85 87 93 95 101 114 118
12 1 5 9 21 24 41 58 65 66 90 113 119
12 1 2 9 39 41 43 44 47 56 74 91 92
12 27 29 36 42 46 68 83 95 96 99 106 112
12 1 5 9 19 28 43 44 47 51 54 64 75
12 4 16 31 34 37 38 50 62 76 92 97 107
12 8 21 53 65 66 80 89 90 103 104 108 113
12 8 20 25 26 32 49 82 86 96 109 110 115
14 2 6 27 30 35 38 39 69 81 84 87 98 105 112
12 3 13 16 17 26 48 77 78 86 100 115 116
12 3 7 16 31 37 47 50 57 77 91 92 94
12 3 11 12 15 20 40 48 50 72 94 109 115
12 1 5 7 19 47 56 70 75 77 100 116 119
12 8 15 24 40 53 58 89 90 109 110 113 119
12 5 9 21 28 33 53 58 71 90 102 103 104
11 6 18 30 42 45 71 85 87 102 104 117
12 13 14 29 46 55 73 76 95 97 106 107 112
12 12 27 34 35 38 46 60 81 88 98 107 112
11 5 25 33 64 75 86 90 100 110 116 119
12 2 9 21 28 30 43 66 67 85 102 104 105
12 11 12 20 29 34 46 48 50 63 76 88 99
12 4 14 52 68 87 93 95 97 98 107 112 114
11 2 22 35 37 38 39 41 54 91 92 111
15 5 10 19 23 25 28 33 51 56 64 70 86 100 101 118
12 13 16 29 34 46 48 50 57 68 72 97 107
12 3 7 16 17 19 31 47 61 62 64 100 116
11 13 14 17 26 49 61 86 100 101 106 118
13 0 11 12 22 35 40 81 84 88 89 108 111 113
12 0 8 18 32 58 82 83 89 103 104 108 117
11 0 6 18 27 35 60 69 79 84 88 108
12 8 10 25 32 36 49 59 80 83 96 103 117
12 0 18 27 32 36 42 55 80 82 96 99 117
11 2 6 18 21 30 35 60 79 81 108 111
13 23 28 30 43 45 51 52 67 71 87 102 105 114
14 10 25 26 49 59 61 70 75 78 100 110 115 116 118
14 6 30 42 45 52 60 67 73 85 95 98 105 112 114
12 0 11 12 27 34 35 46 69 72 79 81 99
12 0 8 11 32 40 58 65 79 80 108 109 113
12 5 8 25 33 53 58 65 66 70 103 110 119
12 1 7 22 24 37 41 47 54 62 74 92 94
12 4 31 37 38 39 44 47 54 57 62 74 91
12 4 14 17 19 31 44 51 52 73 97 101 114
12 3 7 12 15 22 24 37 40 50 62 63 91
12 14 36 42 45 52 55 68 73 87 106 112 118
12 20 26 29 32 36 49 55 59 82 83 99 106
12 4 13 14 16 17 31 57 68 73 76 93 107
12 4 6 38 39 60 69 73 87 105 107 112 114
12 0 11 20 27 29 32 46 55 72 83 88 96
12 17 19 61 64 70 75 77 78 86 101 116 118
11 14 17 19 23 51 52 75 78 93 100 118
12 10 23 28 33 45 66 67 71 85 103 104 117
12 8 10 25 33 58 66 80 82 90 102 104 117
12 18 21 30 58 66 67 71 80 102 103 108 117
11 2 6 30 39 43 60 71 85 87 98 114
12 13 14 26 29 36 49 55 68 78 95 96 118
12 4 34 38 46 57 68 69 73 76 97 98 112
13 0 18 21 30 58 79 80 81 84 89 104 111 113
12 8 11 15 20 32 40 59 63 65 89 110 115
12 8 15 25 59 65 70 86 90 109 115 116 119
10 2 21 22 35 41 74 79 84 108 113
13 6 27 42 46 55 60 68 69 73 87 95 98 107
12 21 22 24 40 41 53 58 65 79 89 108 111
12 4 39 43 44 51 52 73 85 87 93 98 105
12 3 15 20 26 48 59 61 63 86 109 110 116
12 3 7 15 61 64 70 77 86 100 110 115 119
12 10 18 36 42 45 67 80 82 83 102 103 104
14 10 14 23 36 45 49 52 75 78 86 95 100 101 106
12 1 5 7 15 24 53 64 65 70 90 110 116
