2.56226 4.62455 3.56428
4.56805 1.86351 0.360743
5.31561 1.05723 0.650287
1.95286 2.18612 2.11769
0.832367 5.64954 5.70316
4.95305 4.24938 4.18377
5.48846 0.852876 2.78813
1.25934 4.09652 -0.225997
2.34475 3.75893 2.4379
4.95003 1.56384 0.832446
1.89093 1.93454 5.4688
0.731984 1.95662 1.23552
0.943755 1.53984 1.95456
0.779543 4.79275 4.17242
0.51775 5.09723 3.33463
1.45145 2.61706 2.46371
0.81293 4.76918 5.01399
2.91351 1.54818 1.80826
3.90969 4.85821 5.90837
3.70502 1.51329 0.410202
4.57787 4.17115 1.01404
0.726207 1.5991 4.17708
5.34789 1.72938 5.80716
2.1512 1.49745 5.01789
4.28875 4.09583 3.04772
4.34615 2.47648 2.35863
1.01688 4.1871 3.8623
4.13391 5.17809 0.474618
1.42643 4.83073 1.29675
4.48342 1.52086 3.95794
5.51449 0.911365 1.74075
5.604 4.95729 2.68154
5.31088 2.17182 3.50513
1.32112 4.17003 1.68884
1.47759 1.09 1.73227
-0.708261 0.992558 5.54026
4.51243 1.5668 2.886
1.70623 4.86174 5.56189
1.72614 5.5469 5.45228
4.73362 0.679099 0.117601
5.62971 2.30931 5.27171
1.05603 1.65462 3.46137
4.52088 5.14638 5.98056
1.41596 5.28459 0.9062
4.0926 0.956467 0.237481
4.9505 4.95951 5.4779
4.67003 5.19729 0.9248
5.19815 4.69628 3.13597
5.07277 4.49719 1.3722
4.21706 2.10089 3.14402
4.73718 1.66703 5.07159
0.867009 5.13348 1.25136
5.57749 5.25891 5.36978
4.3604 4.13629 3.85341
4.6429 5.01289 3.4078
4.70943 5.06476 0.288956
5.19886 4.74265 3.94571
5.13977 5.17599 2.16644
2.48196 4.20296 1.59243
4.7668 3.74425 0.305566
-0.00905535 0.600479 7.91212
3.64732 2.09079 4.7005
4.30071 1.66328 5.65005
1.78766 4.097 4.86312
2.34889 2.06902 3.69073
0.5472 2.50396 3.72966
1.91785 4.39351 1.33135
1.25474 1.16293 5.40749
4.16869 1.0013 3.80773
4.09296 5.51482 1.43408
3.83975 2.42686 1.31212
5.06158 1.23221 1.35164
4.85902 1.55518 4.4879
5.66467 5.69988 6.33059
1.1593 1.19968 2.90194
-0.77931 4.36972 4.55508
4.32309 1.22411 4.5507
0.671092 4.36808 5.95039
3.71569 1.7944 3.50629
3.52396 4.68868 1.95488
2.3321 4.32917 2.7392
5.86742 1.13637 3.89365
1.73563 4.19958 2.93291
1.17796 1.62786 6.36551
2.92412 5.15308 0.981627
4.82698 5.33497 4.91387
-0.44943 3.87648 6.40325
4.83971 5.64899 5.64438
4.02471 4.95585 1.19034
6.07287 2.16995 3.08884
1.73395 3.76296 1.38583
1.53261 1.67834 2.97195
1.33481 5.14637 5.9222
2.90372 1.02252 3.95899
1.41216 2.03818 2.42641
4.26596 1.02552 3.01056
4.72087 1.94308 3.60385
2.64924 1.0406 1.6108
3.70076 6.28934 0.914915
1.21744 1.62573 0.740778
0.145824 4.26072 1.28783
-0.382795 4.79138 4.9487
1.57242 1.58001 5.02335
1.87486 4.20408 2.09864
0.95478 1.5411 4.99594
4.91838 0.540151 1.25157
5.27388 4.77615 6.52491
1.85493 0.643013 1.48247
3.4462 4.6497 5.13721
5.32289 2.58387 4.17058
3.33103 3.10035 5.21205
5.62887 1.33763 -0.00773081
1.7127 5.65747 3.55911
5.812 1.93904 6.38891
2.44005 0.534439 4.19456
2.01649 2.43469 1.38636
3.70256 2.45193 -0.414956
1.29682 1.6521 5.6926
5.49428 4.66889 5.70386
4.90534 3.74551 3.55712
