1	1.86416	1.27784	5.92602	
1	1.16203	2.63092	5.46599	
1	0.358752	1.82227	3.18898	
1	1.78503	1.0699	1.32439	
1	-0.398229	0.384848	3.3478	
1	1.67038	2.18299	5.18649	
1	2.88553	1.84491	5.0112	
1	0.757723	1.78306	4.42898	
1	1.4057	1.51171	3.63893	
1	2.42438	1.91593	0.809743	
1	1.97251	1.92956	5.8841	
1	1.74561	1.47235	4.1511	
1	1.09727	2.11465	1.0959	
1	2.22818	2.39024	2.51783	
1	1.44475	0.70151	0.8278	
1	2.53551	2.10608	6.09091	
1	2.23483	2.46826	0.981942	
1	2.27434	1.85752	4.25407	
1	2.2523	1.77715	2.43325	
1	1.95163	1.11459	3.6386	
1	1.03815	1.26659	4.11466	
1	1.97193	2.09496	0.414566	
1	1.38738	1.72044	5.11517	
1	1.48681	2.52067	3.19375	
1	1.85102	1.74066	0.999987	
1	1.44886	1.56534	3.07939	
1	2.27575	2.58013	4.76931	
1	2.66022	1.90115	3.11607	
1	2.0641	1.51963	3.06732	
1	1.86345	1.87109	3.7138	
1	2.08069	2.53297	-0.263591	
1	3.67048	1.30895	3.53137	
1	1.40703	2.11654	0.193642	
1	1.7041	2.17042	1.28566	
1	2.24329	0.68414	2.16654	
1	2.36174	0.533485	3.61864	
1	-0.934743	1.67536	3.06923	
1	1.2943	1.28821	1.00309	
1	1.57579	1.5962	-0.0117356	
1	1.37339	1.53954	5.69305	
1	2.98496	2.29139	2.11363	
1	0.488797	1.32752	3.77201	
1	2.08625	1.57057	0.174907	
1	-0.109845	3.24236	0.613873	
1	0.943304	1.67447	1.46749	
1	1.33453	2.49153	4.16516	
1	2.3555	1.59341	3.67466	
1	-0.290198	1.53806	2.68778	
1	2.2885	2.06401	1.65942	
1	0.439217	1.36454	1.59276	
2	1.39814	0.792097	3.82367	
2	2.22631	1.22477	2.51595	
2	0.876532	2.16868	4.84634	
2	1.33652	1.51945	2.22649	
2	2.49744	1.40193	5.00531	
2	0.727363	0.828146	5.59581	
2	0.766654	2.24811	3.62524	
2	0.718227	1.16746	6.6774	
2	2.3928	0.975193	-0.395131	
2	1.37636	2.03123	3.40058	
2	1.63202	0.754405	5.64667	
2	1.36785	2.19267	2.5456	
2	1.26104	1.16286	5.1774	
2	1.45204	0.495623	4.78662	
2	1.71095	2.08127	4.52151	
2	1.30413	1.6109	4.54758	
2	0.611365	0.816111	2.29946	
2	-0.160537	2.61427	1.23685	
2	2.27927	1.30128	4.31694	
2	1.3724	1.81442	0.684266	
2	3.16232	0.84659	5.00448	
2	0.761926	1.72752	0.679873	
2	1.75938	0.936315	6.42163	
2	0.774167	1.8811	2.10716	
2	1.2496	0.98308	2.46961	
2	0.814024	1.28003	4.9049	
2	0.854299	1.75563	5.3251	
2	3.97605	0.324265	3.44739	
2	2.2929	1.43022	1.16623	
2	1.30459	2.07839	1.78378	
2	1.92969	-0.398696	-0.152586	
2	1.39672	0.563249	1.76178	
2	1.27745	1.33324	0.415264	
2	1.98138	1.60969	4.74454	
2	0.769418	0.961426	1.21534	
2	2.47307	1.0968	3.24687	
2	1.53669	1.57524	1.53673	
2	1.17941	1.83677	4.0142	
2	1.55635	2.61018	1.89681	
2	2.02793	1.5776	1.72129	
2	2.43471	1.5098	5.88617	
2	2.77664	1.67245	1.59609	
2	0.67634	0.759123	4.24892	
2	1.21405	1.17819	6.10433	
2	0.739223	1.33407	2.56349	
2	1.72084	1.50414	2.57502	
2	2.43565	0.799489	4.88712	
2	1.76904	1.13952	2.02606	
2	1.33845	2.03534	5.78251	
2	1.8751	0.866161	2.88955	
2	1.91779	1.11507	5.0778	
