2	1.22616	1.9533	1.86616	
2	1.91382	-0.345252	0.0750458	
2	1.41503	0.707508	1.72667	
2	1.03712	1.3167	0.622293	
2	1.81652	1.64857	4.77451	
2	0.874079	0.919722	1.17642	
2	2.3878	1.12342	3.15529	
2	1.61227	1.60366	1.57977	
2	1.10731	1.93846	4.0949	
2	1.59211	2.53472	1.81489	
2	2.16232	1.50278	1.79497	
2	2.48047	1.6912	5.76267	
2	2.70972	1.74712	1.97917	
2	0.653384	0.761348	4.1061	
2	1.33184	0.99566	6.33827	
2	0.635025	1.37712	2.37051	
2	1.62009	1.61414	2.43717	
2	2.23839	0.731669	5.05312	
2	1.62809	1.18683	1.97897	
2	1.32108	2.01576	5.70302	
2	1.67897	0.926145	3.07268	
2	1.71472	1.13747	5.1686	
2	1.00591	1.0204	3.25978	
2	1.22954	2.57765	0.889482	
2	1.90042	2.06418	3.05083	
2	2.45317	0.68014	7.41427	
2	1.77679	1.15061	0.67269	
2	1.88202	2.00406	1.94409	
2	0.184912	2.09447	0.88067	
2	2.64957	1.15115	2.15687	
2	2.26867	2.00111	5.22688	
#ITERATION
5000
#type theta	psi	phi
1	0.800274	2.37408	6.1437	
1	0.995391	1.55084	3.6356	
1	0.913177	3.87988	6.60409	
1	3.26629	1.64115	6.70795	
1	0.789282	2.41043	2.19198	
1	-0.0406105	1.03472	3.35268	
1	2.12047	1.55966	5.49658	
1	2.03831	1.03274	4.48171	
1	0.784756	1.86433	3.00385	
1	0.960825	1.32625	2.01088	
1	1.92318	1.20802	6.07575	
1	1.4545	2.52038	5.32909	
1	0.256083	1.80121	3.35113	
1	1.99667	0.902262	1.50232	
1	-0.458785	0.525231	3.34286	
1	1.94542	2.0932	5.48195	
1	2.74783	2.05154	4.52472	
1	0.64218	1.76439	4.39475	
1	1.54966	1.55981	3.51217	
1	2.4337	1.9249	0.893466	
1	1.93782	1.91475	6.06638	
1	1.657	1.5625	4.18151	
1	0.895443	1.9325	1.07297	
1	2.14979	2.20902	2.34693	
1	1.43624	0.55206	0.940648	
1	2.42602	2.3347	6.16981	
1	2.21283	2.49967	0.960428	
1	2.18291	1.93605	4.21983	
1	2.25148	1.66976	2.46916	
1	1.90431	1.14423	3.69646	
1	1.10565	1.35613	4.27599	
1	1.89958	1.9845	0.567074	
1	1.4536	1.89596	5.19137	
1	1.19833	2.53423	3.07427	
1	1.90122	1.55998	0.957357	
1	1.25145	1.55277	3.02969	
1	2.32376	2.44713	4.92147	
1	2.54593	2.00396	2.92474	
1	1.90216	1.39299	3.08778	
1	1.76527	1.99408	3.77037	
1	1.60707	2.47604	0.191683	
1	3.57696	1.38315	3.32679	
1	1.27932	1.99248	0.429653	
1	1.57854	1.98518	1.13012	
1	2.38919	0.649046	2.34076	
1	2.36079	0.714337	3.7223	
1	-1.03412	1.53288	2.95616	
1	1.4461	1.09026	1.16132	
1	1.54089	1.60213	0.164506	
1	1.61439	1.5336	5.65529	
1	2.92421	2.34757	1.71058	
1	0.538808	1.29533	3.86196	
1	2.20852	1.56839	0.30152	
1	-0.12384	3.29583	0.647529	
1	1.01982	1.43063	1.17444	
1	1.59678	2.49048	4.0885	
1	2.28394	1.69746	3.48651	
1	-0.371891	1.47097	2.31987	
1	2.05999	2.07059	1.48369	
1	0.418185	1.46626	0.899147	
2	1.46498	0.866548	4.09393	
2	1.89905	1.09804	2.4325	
2	0.854175	2.2865	4.72099	
2	1.10884	1.74247	2.42392	
2	2.49874	1.38526	4.99218	
2	1.06706	1.38367	5.35849	
2	0.585605	2.25395	3.67624	
