1	2.26816	0.647743	3.85122	
1	-1.0464	1.31185	2.97013	
1	1.37066	1.06526	1.36831	
1	1.59298	1.48295	0.243421	
1	1.53424	1.41423	5.71603	
1	2.65869	2.39868	1.75152	
1	0.568647	1.21083	3.74707	
1	2.23037	1.49296	0.311346	
1	-0.867683	3.26091	0.646934	
1	0.922988	1.46669	1.22233	
1	1.64153	2.65151	4.19678	
1	2.00451	1.81512	3.62934	
1	-0.402468	1.54702	2.45273	
1	2.07417	1.99943	1.53902	
1	0.371738	1.55548	0.887703	
2	1.51276	0.88566	4.06515	
2	1.97771	0.999699	2.38728	
2	0.770315	2.20185	4.69438	
2	1.16081	1.74249	2.32119	
2	2.37869	1.41226	4.86955	
2	1.24846	1.21566	5.22445	
2	0.63035	2.215	3.6163	
2	0.625052	1.01057	5.69237	
2	2.51506	1.15248	-0.647728	
2	1.34482	2.26491	3.71388	
2	1.40744	0.948362	5.84167	
2	1.55891	2.10527	2.59376	
2	1.38406	1.3118	4.65656	
2	1.36236	0.658197	4.84803	
2	1.66785	2.18391	4.7712	
2	1.1926	1.75603	4.89032	
2	0.744802	0.8164	2.76591	
2	-0.0500053	2.64899	1.34982	
2	2.36221	1.3334	3.95549	
2	1.39315	1.486	0.789753	
2	2.95055	0.963038	4.32312	
2	0.73987	1.82098	0.129904	
2	1.73537	0.498844	6.19877	
2	0.593174	1.86858	2.12445	
2	1.22495	1.18145	2.43159	
2	0.763156	1.27193	4.90119	
2	0.927762	1.77517	5.46489	
2	3.91947	-0.0429819	3.5016	
2	2.31937	1.426	1.07702	
2	1.07897	1.81362	1.648	
2	1.63773	-0.641174	-0.0555025	
2	1.45599	0.632339	2.09984	
2	0.81016	1.17136	0.572003	
2	1.88234	1.6223	4.71308	
2	0.773956	0.784607	1.64326	
2	2.39904	1.09639	3.19418	
2	1.67385	1.53884	1.45708	
2	1.24303	1.91216	4.26807	
2	1.65999	2.55619	1.76138	
2	2.05747	1.46893	1.9296	
2	2.72022	1.67673	5.699	
2	2.55739	1.66564	1.8107	
2	0.729883	0.632166	4.12014	
2	1.35158	0.992113	6.63041	
2	0.807275	1.48781	2.8564	
2	1.70452	1.50986	2.546	
2	2.30039	0.664093	5.2211	
2	1.48947	1.32958	1.93926	
2	1.3006	1.81294	5.99332	
2	1.64427	1.19756	3.0423	
2	1.86712	1.07646	5.3832	
2	1.10112	1.25602	3.43605	
2	1.08275	2.53646	0.921401	
2	1.8863	2.2105	3.14942	
2	2.56251	0.797466	6.75645	
2	1.94416	1.15093	0.750564	
2	1.62484	1.94587	1.94419	
2	0.0835968	2.12525	0.380927	
2	2.59866	1.09122	2.02636	
2	2.27399	1.99635	5.02277	
#ITERATION
7000
#type theta	psi	phi
1	0.634398	2.24359	6.20208	
1	1.05946	1.73237	3.61419	
1	0.816763	3.94344	6.87891	
1	3.38552	1.41468	6.04608	
1	0.772882	2.41851	2.05391	
1	0.0518145	1.16775	4.03228	
1	2.15585	1.5653	5.33962	
1	1.86244	0.972457	4.38707	
1	0.875819	1.97208	2.96289	
1	0.548645	1.2923	1.95045	
1	1.8781	1.05479	6.01031	
1	1.16754	2.53196	5.55235	
1	0.426327	1.53034	3.10981	
1	1.855	1.02916	1.25601	
1	-0.739343	0.618651	3.20053	
1	1.73315	2.10349	5.78502	
1	2.90949	2.35598	4.90511	
1	0.662138	1.76596	4.15759	
1	1.71199	1.59714	3.85746	
1	2.6814	2.02918	0.671322	
1	2.0765	1.67913	6.0097	
1	2.12246	1.52217	4.2158	
1	0.6276	1.98778	1.01368	
