#ITERATION
0
#type theta	psi	phi
1	0.425614	2.62326	6.08758	
1	0.694399	0.968135	3.43829	
1	0.591819	3.11923	6.26095	
1	3.0401	2.28029	6.16449	
1	0.345141	2.50732	1.86629	
1	0.0150278	0.353318	4.01975	
1	2.75967	1.5823	5.01353	
1	1.13504	0.66578	4.28111	
1	1.25267	2.32681	2.983	
1	1.32603	0.546214	1.89698	
1	2.50473	0.994473	5.48163	
1	0.468455	3.12296	5.16417	
1	0.393273	2.39939	3.08246	
1	2.08478	0.395516	1.32078	
1	0.160901	0.114484	2.56813	
1	1.43882	1.53174	4.98869	
1	2.89301	2.53693	4.43451	
1	0.00885437	2.23274	4.04613	
1	1.43267	2.43133	3.60501	
1	2.75441	2.53896	0.111677	
1	2.58002	2.57875	5.90666	
1	1.29643	1.32941	3.65026	
1	0.496553	2.39305	1.44611	
1	2.54386	3.10553	2.08883	
1	0.941949	0.0425344	1.36495	
1	2.85057	2.66554	6.00055	
1	2.44698	3.1022	0.424714	
1	2.49316	1.86769	4.60431	
1	2.18414	2.13572	2.46502	
1	1.76418	0.653665	3.31357	
1	1.26986	1.10824	3.72482	
1	1.11949	3.03153	0.970365	
1	1.24064	1.21673	4.56759	
1	1.22073	2.9138	2.74021	
1	2.71018	1.94892	0.751137	
1	1.4827	1.06883	3.3291	
1	2.2497	3.10509	4.52699	
1	2.86695	1.58807	3.50771	
1	1.58082	1.45291	3.43434	
1	1.40613	2.68434	3.7965	
1	1.56622	3.07853	0.215622	
1	3.06934	1.14098	4.26955	
1	1.08772	2.68881	0.283117	
1	2.07383	2.35601	0.835639	
1	3.08618	0.299567	1.77609	
1	2.51991	0.243653	3.94197	
1	0.0254278	2.13718	3.3548	
1	1.37811	0.626909	0.867088	
1	1.20113	2.39522	0.254287	
1	0.794685	1.58578	5.16858	
1	3.08417	2.58696	1.89644	
1	0.150621	0.778636	3.41841	
1	2.78887	1.0802	0.209033	
1	0.511678	2.75632	1.32137	
1	0.856879	1.54705	1.40379	
1	1.54033	3.00004	4.09644	
1	2.37977	1.36736	3.47386	
1	0.166984	1.0132	2.54457	
1	2.85393	2.54198	1.62292	
1	0.407925	1.54983	2.37819	
2	2.25714	0.904166	3.91716	
2	2.55058	0.981773	2.42349	
2	1.08049	2.56281	4.20524	
2	1.19198	1.44041	1.90766	
2	2.86062	1.53504	4.74877	
2	0.339487	1.2365	5.46754	
2	1.13368	2.88121	3.41683	
2	0.440275	0.627919	5.96227	
2	3.11052	0.754221	0.103802	
2	1.22087	2.44947	2.99481	
2	1.69689	0.057965	5.65602	
2	0.611025	2.78345	2.77229	
2	0.464419	0.752419	5.02437	
2	1.48602	0.282188	4.04983	
2	1.98883	1.83589	4.5657	
2	1.11413	2.13756	4.44423	
2	0.50997	0.420145	2.82464	
2	0.132117	2.50499	1.05278	
2	2.61134	1.0209	4.12039	
2	1.32007	2.45644	0.71121	
2	3.12128	0.570428	4.79364	
2	0.835414	0.766983	0.632959	
2	1.08174	0.884758	6.08615	
2	0.671587	1.90358	1.42346	
2	0.596606	1.26157	2.59678	
2	0.534549	0.939499	3.99905	
2	0.476184	2.41665	5.55414	
2	3.01348	0.0567569	3.66213	
2	2.40914	1.02981	0.810947	
2	0.917222	2.66127	1.44994	
2	1.577	0.00501996	0.0787836	
2	0.900338	0.310072	2.41749	
2	1.11636	2.26186	0.411203	
2	1.61434	1.33197	4.33415	
2	0.797786	1.26141	1.66176	
2	2.93503	1.48448	3.8385	
2	1.53436	1.61641	1.5395	
2	1.04617	1.57822	3.74514	
