2	0.974384	3.02535	1.46021	
2	2.34647	1.01327	1.99951	
2	2.99228	1.67988	5.47771	
2	2.93614	2.0958	1.82017	
2	0.205851	0.7285	4.42791	
2	0.612948	1.32644	5.88141	
2	0.446789	2.02061	2.97026	
2	1.37267	0.767553	3.17879	
2	2.84925	0.240344	4.48559	
2	1.93901	0.594026	2.49431	
2	0.872307	2.6958	5.71102	
2	1.93924	0.568059	3.23599	
2	2.59066	1.12885	5.12781	
2	0.921706	0.540724	3.09629	
2	0.613631	2.7153	1.28301	
2	1.93608	2.75848	2.46596	
2	2.97376	0.523698	6.10649	
2	1.77175	1.87983	0.824491	
2	1.78058	1.74164	1.95087	
2	0.37903	2.31784	1.52508	
2	2.58509	0.58269	1.96461	
2	2.77002	2.1181	4.64514	
#ITERATION
0
#type theta	psi	phi
1	0.43531	2.60671	6.09064	
1	0.690639	0.982331	3.4553	
1	0.599513	3.12241	6.24547	
1	3.04224	2.29362	6.1704	
1	0.333827	2.51506	1.86537	
1	0.0150278	0.353318	4.01975	
1	2.75967	1.5823	5.01353	
1	1.13839	0.66963	4.29173	
1	1.25267	2.32681	2.983	
1	1.32603	0.546214	1.89698	
1	2.49113	0.9813	5.46729	
1	0.467504	3.09957	5.19251	
1	0.393273	2.39939	3.08246	
1	2.08478	0.395516	1.32078	
1	0.160901	0.114484	2.56813	
1	1.43243	1.50489	4.99174	
1	2.89301	2.53693	4.43451	
1	0.00885437	2.23274	4.04613	
1	1.43267	2.43133	3.60501	
1	2.75441	2.53896	0.111677	
1	2.56942	2.57238	5.90025	
1	1.29153	1.31394	3.65102	
1	0.496553	2.39305	1.44611	
1	2.52966	3.09881	2.0873	
1	0.941949	0.0425344	1.36495	
1	2.8524	2.67007	5.98422	
1	2.44698	3.1022	0.424714	
1	2.49228	1.87376	4.60826	
1	2.17085	2.13946	2.46328	
1	1.76418	0.653665	3.31357	
1	1.26986	1.10824	3.72482	
1	1.12204	3.01057	0.961749	
1	1.23503	1.22549	4.57569	
1	1.22556	2.92389	2.71728	
1	2.71018	1.94892	0.751137	
1	1.46686	1.06902	3.33822	
1	2.22628	3.09609	4.53573	
1	2.86695	1.58807	3.50771	
1	1.56753	1.46826	3.43942	
1	1.40008	2.68989	3.79953	
1	1.56622	3.07853	0.215622	
1	3.05818	1.11474	4.26416	
1	1.08772	2.68881	0.283117	
1	2.09127	2.3568	0.851535	
1	3.08618	0.299567	1.77609	
1	2.51991	0.243653	3.94197	
1	0.0283245	2.12852	3.34749	
1	1.35769	0.639472	0.874775	
1	1.20982	2.40658	0.264409	
1	0.796203	1.58084	5.14494	
1	3.08417	2.58696	1.89644	
1	0.150621	0.778636	3.41841	
1	2.78887	1.0802	0.209033	
1	0.512031	2.74692	1.32876	
1	0.861567	1.54809	1.40371	
1	1.54033	3.00004	4.09644	
1	2.41148	1.35466	3.49637	
1	0.166984	1.0132	2.54457	
1	2.83883	2.53224	1.62796	
1	0.409175	1.54792	2.36506	
2	2.25015	0.899492	3.94852	
2	2.55058	0.981773	2.42349	
2	1.08049	2.56281	4.20524	
2	1.20677	1.46646	1.87229	
2	2.87563	1.54492	4.74286	
2	0.331585	1.24248	5.49015	
2	1.13368	2.88121	3.41683	
2	0.456958	0.612747	5.95687	
2	3.11052	0.754221	0.103802	
2	1.22087	2.44947	2.99481	
2	1.68805	0.0637741	5.64148	
2	0.637433	2.76411	2.7458	
2	0.461254	0.770216	5.03143	
2	1.48602	0.282188	4.04983	
2	1.9914	1.82026	4.58076	
2	1.11413	2.13756	4.44423	
