2	0.895709	0.965087	3.30685	
2	1.30282	2.63783	0.514949	
2	1.89191	2.00325	2.99806	
2	2.37329	0.85873	6.96658	
2	1.85938	1.2649	0.729407	
2	1.84208	1.98456	2.10407	
2	0.221324	2.13727	0.901245	
2	2.51751	1.17346	1.76912	
2	2.30749	1.99263	5.08931	
#ITERATION
4000
#type theta	psi	phi
1	0.771934	2.27424	6.14479	
1	0.932077	1.68476	3.40717	
1	0.863094	3.90491	6.80182	
1	3.38985	1.43327	6.53918	
1	0.719621	2.37674	2.04706	
1	-0.0264453	1.06492	2.9511	
1	1.97204	1.57943	5.44363	
1	1.78611	1.10024	4.41364	
1	0.821631	2.00521	2.70604	
1	1.04811	1.15893	1.88804	
1	1.85637	1.30759	5.89652	
1	1.27341	2.6311	5.28075	
1	0.346102	1.72246	3.14928	
1	1.93015	1.0337	1.49001	
1	-0.55124	0.541723	3.34042	
1	1.58687	2.06819	5.15373	
1	2.74768	1.88653	4.46196	
1	0.580894	1.78874	4.47591	
1	1.44695	1.58583	3.53725	
1	2.61097	1.88097	0.573169	
1	1.81373	1.92533	5.95729	
1	1.5956	1.58371	4.1355	
1	0.950593	2.03762	1.18028	
1	2.30963	2.38464	2.4089	
1	1.49813	0.673034	0.7817	
1	2.31584	2.18538	6.20354	
1	2.26635	2.47934	0.985471	
1	2.17563	1.74043	4.36671	
1	2.1887	1.73624	2.44249	
1	1.86971	1.2985	3.7113	
1	1.09523	1.29238	4.01578	
1	1.93954	2.01336	0.557474	
1	1.36786	1.60787	5.13227	
1	1.47096	2.6487	2.91344	
1	1.95274	1.65509	0.967947	
1	1.33308	1.49712	2.95676	
1	2.4333	2.49764	5.0394	
1	2.46398	1.97169	3.05208	
1	1.9387	1.48732	2.97813	
1	1.86781	1.94317	3.77082	
1	1.72437	2.55144	0.0056958	
1	3.46741	1.33849	3.36483	
1	1.28146	1.99889	0.37392	
1	1.58966	2.1047	1.27465	
1	2.10119	0.610287	2.36621	
1	2.20031	0.619099	3.84499	
1	-0.938405	1.4966	3.00745	
1	1.46285	1.24009	1.18709	
1	1.50742	1.49252	0.0690365	
1	1.36713	1.49098	5.68025	
1	3.0685	2.2989	1.53439	
1	0.543638	1.29116	3.73164	
1	2.12013	1.52641	0.219853	
1	0.0966944	3.34428	0.614604	
1	0.958672	1.50583	1.38759	
1	1.46246	2.47604	3.89116	
1	2.34499	1.58088	3.62854	
1	-0.271715	1.62234	2.455	
1	2.30455	1.96846	1.39127	
1	0.45864	1.44541	0.985754	
2	1.3919	0.846254	3.85669	
2	2.10279	1.19959	2.37951	
2	0.917127	2.19195	4.85075	
2	1.11435	1.63562	2.30891	
2	2.33683	1.45054	5.0204	
2	0.876928	1.06391	5.56509	
2	0.587019	2.30256	3.77948	
2	0.595943	1.10115	6.36511	
2	2.38739	1.10313	-0.52149	
2	1.27548	2.17481	3.25706	
2	1.54452	0.793625	5.70951	
2	1.49379	2.13137	2.45222	
2	1.19741	1.09093	4.87588	
2	1.2945	0.519705	4.90323	
2	1.72455	2.08807	4.44798	
2	1.17296	1.59869	4.59346	
2	0.61898	0.77913	2.38158	
2	0.0117591	2.70794	0.930706	
2	2.45405	1.17263	4.18809	
2	1.44062	1.73011	0.883317	
2	3.02579	0.779175	4.71891	
2	0.705191	1.81808	0.400724	
2	2.11733	0.902737	6.45319	
2	0.640062	1.83609	1.88262	
2	1.287	0.986368	2.48114	
2	0.613841	1.25789	4.78112	
2	0.846488	1.72801	5.4211	
2	4.3108	0.314287	3.07538	
2	2.40967	1.31252	1.13458	
