1	1.04242	1.47056	1.17909	
1	1.22309	2.61796	4.19597	
1	2.21277	1.44856	3.73924	
1	-0.230135	1.55961	3.12519	
1	2.27904	2.06615	1.51846	
1	0.342262	1.42421	2.08193	
2	1.734	0.986373	4.00273	
2	2.24781	1.27256	2.5989	
2	0.94059	2.1224	4.54121	
2	1.55841	1.46488	2.0655	
2	2.52367	1.43563	4.98172	
2	0.774562	1.29032	5.40791	
2	0.829063	2.32743	3.13065	
2	0.866268	0.8822	6.10258	
2	2.57832	1.10265	-0.464176	
2	1.27201	1.89147	3.18498	
2	1.70186	0.667287	5.74966	
2	1.34186	2.22716	2.43979	
2	1.10222	0.833665	5.18405	
2	1.4036	0.553048	4.45116	
2	1.65392	2.17355	4.47902	
2	1.24299	1.67413	4.34173	
2	0.569839	0.766365	2.65137	
2	-0.378012	2.39847	1.09348	
2	2.26577	1.21957	4.39722	
2	1.44665	1.72247	0.70285	
2	3.11589	0.81099	4.50564	
2	0.736036	1.34284	0.510296	
2	1.62503	1.01054	6.29642	
2	0.904691	1.48507	1.81141	
2	1.1819	1.10154	2.22783	
2	0.748268	1.44158	4.5685	
2	0.68804	1.93133	5.4201	
2	3.65879	0.254623	3.2036	
2	2.13129	1.35746	1.17539	
2	1.34136	1.85516	1.64307	
2	1.70201	-0.432964	-0.0147091	
2	1.28004	0.632219	1.83211	
2	1.29127	1.40553	0.330917	
2	1.8118	1.61368	4.64436	
2	0.725895	0.956493	1.46038	
2	2.55838	1.12246	3.28586	
2	1.71251	1.68481	1.24828	
2	1.07314	2.05154	3.79135	
2	1.40458	2.52689	1.75604	
2	1.99797	1.58181	1.72609	
2	2.3792	1.71534	5.76481	
2	2.63227	1.67184	1.66927	
2	0.648308	0.870903	4.42848	
2	1.29739	1.48718	5.99927	
2	0.864181	1.36565	2.84274	
2	1.70427	1.55023	2.61876	
2	2.20774	0.822514	5.06524	
2	1.86477	1.01067	2.09087	
2	1.23798	2.01913	5.68375	
2	1.62876	0.96214	2.76517	
2	1.93024	1.26492	5.09897	
2	0.983444	0.900093	3.46411	
2	1.14263	2.31213	0.851471	
2	1.86586	2.09766	2.85091	
2	2.26736	0.802103	6.77153	
2	1.81339	1.29503	0.566144	
2	1.80496	1.96971	2.12979	
2	0.217015	2.09024	1.50687	
2	2.63005	1.13986	1.82349	
2	2.17752	1.97102	4.99704	
#ITERATION
2000
#type theta	psi	phi
1	0.560522	2.19512	6.0041	
1	0.921179	1.55206	3.47779	
1	0.670582	3.78198	6.7622	
1	3.19418	1.31911	6.91228	
1	0.74151	2.25912	1.65833	
1	-0.143932	1.07267	3.37453	
1	1.92798	1.61698	5.32578	
1	1.32537	1.12277	4.54548	
1	1.20535	1.61414	2.76058	
1	1.32216	1.14474	1.64783	
1	1.89581	1.27451	5.85897	
1	1.13966	2.4876	5.27899	
1	0.542068	1.81532	2.92882	
1	1.98053	0.876364	1.43398	
1	-0.75564	0.43292	3.55752	
1	1.63766	2.11781	5.29625	
1	2.87837	1.79427	4.71502	
1	0.497688	2.00631	4.15293	
1	1.46201	1.51068	3.73903	
1	2.652	1.90762	0.485286	
1	1.91611	1.86974	5.86514	
1	1.87911	1.51173	4.12548	
1	0.850125	1.98059	0.76047	
1	2.15193	2.44658	2.31641	
1	1.48368	0.762594	0.824322	
1	2.46862	2.20989	5.8195	
1	2.43312	2.56433	0.498301	
1	2.37071	2.00766	4.13894	
1	2.2318	1.84916	2.51221	
1	1.92272	1.0721	3.35199	
1	1.00547	1.20758	4.0145	
1	1.9637	2.00612	0.279096	
