2	0.50997	0.420145	2.82464	
2	0.132117	2.50499	1.05278	
2	2.61912	1.02199	4.10673	
2	1.32007	2.45644	0.71121	
2	3.12128	0.570428	4.79364	
2	0.820545	0.754718	0.639701	
2	1.07236	0.902029	6.0839	
2	0.679312	1.89831	1.42164	
2	0.596606	1.26157	2.59678	
2	0.551397	0.948571	3.98834	
2	0.492543	2.41774	5.54803	
2	3.02666	0.0639881	3.65287	
2	2.40535	1.02809	0.811718	
2	0.917222	2.66127	1.44994	
2	1.57272	-0.00489285	0.0889207	
2	0.900338	0.310072	2.41749	
2	1.10759	2.28944	0.431099	
2	1.61434	1.33197	4.33415	
2	0.797786	1.26141	1.66176	
2	2.93503	1.48448	3.8385	
2	1.53436	1.61641	1.5395	
2	1.04617	1.57822	3.74514	
2	0.974384	3.02535	1.46021	
2	2.34647	1.01327	1.99951	
2	2.98872	1.69215	5.46625	
2	2.94904	2.08098	1.80385	
2	0.210904	0.724181	4.41712	
2	0.622616	1.33521	5.89664	
2	0.446789	2.02061	2.97026	
2	1.37267	0.767553	3.17879	
2	2.86293	0.234081	4.48476	
2	1.93901	0.594026	2.49431	
2	0.872307	2.6958	5.71102	
2	1.95106	0.558002	3.25173	
2	2.59066	1.12885	5.12781	
2	0.921706	0.540724	3.09629	
2	0.613631	2.7153	1.28301	
2	1.93608	2.75848	2.46596	
2	2.97376	0.523698	6.10649	
2	1.77175	1.87983	0.824491	
2	1.78058	1.74164	1.95087	
2	0.37903	2.31784	1.52508	
2	2.59017	0.591428	1.97359	
2	2.77002	2.1181	4.64514	
#ITERATION
1000
#type theta	psi	phi
1	0.649379	2.38645	6.2802	
1	0.922451	1.57773	3.68033	
1	0.620174	3.95048	6.44688	
1	3.22152	1.44681	6.56532	
1	0.814407	2.0945	1.93046	
1	-0.186013	0.959704	3.68421	
1	1.85237	1.67446	5.49675	
1	1.34911	1.16683	4.67996	
1	1.165	1.70797	2.46648	
1	1.42734	1.17842	1.57021	
1	1.89339	1.19305	5.81843	
1	1.16949	2.48595	5.27254	
1	0.661743	1.8512	2.82921	
1	1.99146	0.862094	1.34171	
1	-0.413337	0.358867	2.87973	
1	1.59032	1.99691	5.13744	
1	2.73264	1.96161	4.70194	
1	0.396786	1.85995	3.96029	
1	1.57416	1.62772	3.59216	
1	2.50351	2.02138	0.23648	
1	1.83665	2.09632	5.90112	
1	1.71366	1.57965	4.07935	
1	0.77557	1.89696	0.906695	
1	2.21238	2.35857	2.21649	
1	1.20606	0.651813	0.719295	
1	2.40137	2.36511	5.67376	
1	2.56881	2.71138	0.898582	
1	2.23828	1.9179	4.19573	
1	2.25922	1.80166	2.48123	
1	1.92372	1.07697	3.28922	
1	1.1705	1.17647	4.03026	
1	1.82921	2.18906	0.369358	
1	1.14884	1.64738	4.92998	
1	1.66906	2.75649	2.88323	
1	2.16276	1.7476	0.761681	
1	1.34689	1.38405	3.17277	
1	2.21824	2.50951	4.47057	
1	2.60238	1.77618	3.41073	
1	2.01561	1.62197	3.14161	
1	1.70969	2.19144	3.73594	
1	1.56803	2.6002	-0.108675	
1	3.64731	1.39719	3.70706	
1	1.19085	1.98396	0.190717	
1	1.7824	2.22442	1.07371	
1	2.31427	0.603253	2.53887	
1	2.31009	0.666403	3.86331	
1	-0.767713	1.63523	3.02423	
1	1.40739	1.12544	0.939668	
1	1.71522	1.63934	-0.00060201	
1	1.38264	1.28159	5.43433	
1	2.94745	2.20813	1.78646	
1	0.441592	1.20591	3.58131	
1	2.21868	1.41721	0.0271887	
1	0.437445	2.84131	1.07118	
