2	0.744564	1.02441	5.88718	
2	2.42847	1.08396	-0.517987	
2	1.27042	2.0916	3.45457	
2	1.41498	0.990441	5.68599	
2	1.51696	2.12409	2.66608	
2	1.43561	1.15308	4.83214	
2	1.35022	0.51672	4.93397	
2	1.73494	2.14764	4.72023	
2	1.11002	1.65963	4.77859	
2	0.652599	0.8197	2.64285	
2	-0.259379	2.71851	1.19454	
2	2.41223	1.40637	4.10537	
2	1.39466	1.54094	0.734214	
2	2.94876	1.02584	4.32834	
2	0.6602	1.84059	0.16415	
2	1.90905	0.705673	6.36985	
2	0.586148	1.83916	1.93689	
2	1.18637	1.19776	2.56889	
2	0.812207	1.10866	4.84547	
2	0.686891	1.9042	5.41217	
2	3.87368	0.219969	3.5214	
2	2.36299	1.28603	1.12787	
2	1.1601	1.9169	1.66274	
2	1.89144	-0.370153	0.00480375	
2	1.29682	0.676856	1.95682	
2	0.911303	1.08335	0.563521	
2	1.76481	1.59836	4.76149	
2	0.734545	0.985374	1.39343	
2	2.48673	1.22275	2.96465	
2	1.58172	1.55556	1.49987	
2	1.23075	2.00272	4.11125	
2	1.61903	2.4605	1.76866	
2	2.13452	1.52967	1.80115	
2	2.5469	1.80541	5.91081	
2	2.66432	1.80846	1.75299	
2	0.614635	0.740839	4.14495	
2	1.33689	1.0994	6.33076	
2	0.62888	1.35812	2.69247	
2	1.72403	1.60059	2.54712	
2	2.46173	0.631363	5.12409	
2	1.54882	1.15803	1.84308	
2	1.36213	1.98092	5.86584	
2	1.65603	0.910646	3.08258	
2	1.8816	1.10123	5.32009	
2	1.03254	1.05372	3.37527	
2	1.05496	2.51303	0.934339	
2	1.86694	1.97971	3.09143	
2	2.60885	0.772388	6.94691	
2	1.88276	1.18755	0.512307	
2	1.61088	1.85582	2.07291	
2	0.186796	2.15134	0.710276	
2	2.6285	1.19334	2.00187	
2	2.20947	1.83577	4.93921	
#ITERATION
6000
#type theta	psi	phi
1	0.79891	2.30008	5.9404	
1	0.878394	1.75348	3.68738	
1	0.763823	3.91269	6.8467	
1	3.34718	1.52485	6.28044	
1	0.890663	2.34277	1.91173	
1	-0.0156957	1.1011	3.883	
1	2.13939	1.64076	5.511	
1	1.97668	0.95061	4.57368	
1	0.991903	2.12389	2.87392	
1	0.665879	1.32174	1.9306	
1	1.99836	1.11619	6.23234	
1	1.26215	2.57008	5.24269	
1	0.245124	1.60962	3.04557	
1	2.0036	1.01932	1.46533	
1	-0.667834	0.59128	3.37991	
1	1.83905	2.18405	5.62596	
1	3.02129	2.05694	4.55109	
1	0.619464	1.72904	4.38677	
1	1.5106	1.63201	3.73995	
1	2.69659	1.94961	0.873951	
1	1.86246	1.78082	6.05797	
1	1.74254	1.39343	4.19139	
1	0.713113	2.03551	1.01599	
1	2.16184	2.01573	2.37173	
1	1.61006	0.642698	0.976216	
1	2.42104	2.10762	6.15375	
1	2.13112	2.32407	0.915416	
1	2.51908	1.87536	4.2817	
1	2.38923	1.50678	2.58646	
1	1.81399	1.11407	3.59254	
1	1.0474	1.3816	4.14146	
1	1.92756	1.97312	0.334326	
1	1.55412	1.80846	5.33122	
1	1.43619	2.59585	2.90318	
1	1.91373	1.69966	0.88616	
1	1.3682	1.71532	3.09843	
1	2.52889	2.5584	5.28121	
1	2.51143	1.91441	3.11677	
1	1.99818	1.62952	3.04634	
1	1.90976	1.97263	4.20241	
1	1.58696	2.41416	0.0185535	
1	3.49054	1.37563	3.71124	
1	1.30937	1.93199	0.445527	
1	1.49086	1.96541	1.19953	
1	2.6231	0.517137	2.18318	
