1	1.49198	1.70165	4.88857	
1	1.59601	2.5259	3.18373	
1	2.03763	1.77224	0.876567	
1	1.38629	1.34286	3.14279	
1	2.17494	2.49824	4.87631	
1	2.47953	2.02692	3.19507	
1	2.09927	1.62015	3.16879	
1	1.87133	1.92259	3.75252	
1	1.67112	2.42661	-0.202245	
1	3.75533	1.33344	3.87043	
1	1.32056	2.10228	0.266804	
1	1.85558	2.32685	0.996893	
1	2.30449	0.667828	2.43837	
1	2.31472	0.646316	3.76667	
1	-0.935637	1.74343	3.06485	
1	1.26711	1.34013	1.06376	
1	1.47572	1.57961	-0.161687	
1	1.40546	1.52979	5.48794	
1	2.8948	2.21119	1.66509	
1	0.453955	1.39989	3.93205	
1	2.11123	1.43586	0.161399	
1	-0.190605	3.16974	1.05701	
1	1.05137	1.75278	1.48304	
1	1.42885	2.49742	4.19519	
1	2.5049	1.56614	3.72332	
1	-0.310031	1.64943	2.56402	
1	2.18049	2.09156	1.56367	
1	0.504119	1.48968	1.59682	
2	1.59907	0.95097	3.89158	
2	2.27669	1.30158	2.42959	
2	1.06552	2.12235	4.74874	
2	1.38784	1.57211	2.04848	
2	2.40358	1.3034	5.1147	
2	0.637605	1.25034	5.52509	
2	0.852815	2.26777	3.33449	
2	0.927152	1.02534	6.55464	
2	2.50016	1.09291	-0.306048	
2	1.39436	1.8934	3.36351	
2	1.65178	0.684077	5.71442	
2	1.09977	2.24121	2.51226	
2	1.09626	0.921215	5.18997	
2	1.54516	0.623061	4.65611	
2	1.80342	1.95738	4.46693	
2	1.32322	1.66378	4.3438	
2	0.405151	0.696786	2.38603	
2	-0.17433	2.60157	1.37438	
2	2.27673	1.10212	4.25553	
2	1.45875	1.91183	0.89351	
2	3.22922	0.802307	4.56331	
2	0.739094	1.50907	0.759092	
2	1.65248	1.03898	6.37265	
2	0.876426	1.79174	2.12106	
2	1.08718	1.10076	2.27811	
2	0.855264	1.45452	4.81278	
2	0.882066	1.78641	5.43024	
2	3.62493	0.26472	3.32328	
2	2.11877	1.38888	1.26542	
2	1.46854	2.09546	1.70863	
2	1.83541	-0.373209	-0.112041	
2	1.30942	0.593527	1.65606	
2	1.30426	1.56763	0.440432	
2	1.89897	1.44012	4.70618	
2	0.764205	1.02763	1.26723	
2	2.57085	1.0833	3.10774	
2	1.60029	1.62284	1.42067	
2	1.13593	2.01197	3.92912	
2	1.40929	2.60527	1.8565	
2	2.03768	1.63559	1.92712	
2	2.47571	1.63636	5.80132	
2	2.64077	1.69797	1.85152	
2	0.577326	0.691257	4.5134	
2	1.23947	1.13513	5.84881	
2	0.567828	1.26371	2.72366	
2	1.7372	1.41616	2.59794	
2	2.44585	0.751528	5.00092	
2	1.78584	1.07754	2.15205	
2	1.32857	2.02433	5.86306	
2	1.58381	0.876877	2.76478	
2	1.78079	1.1168	5.2967	
2	0.939212	0.887819	3.28622	
2	1.04579	2.58359	0.72948	
2	1.78283	2.04158	2.93528	
2	2.28113	0.803941	6.823	
2	1.839	1.20551	0.682531	
2	1.66833	2.01842	2.24645	
2	0.227679	2.03049	1.39375	
2	2.50465	1.14525	1.71023	
2	2.29773	1.96339	4.96894	
#ITERATION
3000
#type theta	psi	phi
1	0.691066	2.17919	5.99238	
1	0.910397	1.61548	3.43181	
1	0.865397	3.95403	6.8198	
1	3.31717	1.37856	6.76256	
1	0.71339	2.40063	1.92808	
1	-0.0676752	0.976585	3.48954	
1	1.93642	1.59919	5.42456	
1	1.39312	1.07289	4.58057	
1	0.974297	1.81483	2.80707	
1	1.20156	1.15562	1.709	
