2	0.613069	0.713984	5.00751	
2	1.26713	1.09546	6.65068	
2	0.870699	1.38101	3.12433	
2	1.56923	1.52534	2.23277	
2	2.484	0.82964	5.64266	
2	1.35291	1.13168	1.81836	
2	1.42166	1.97606	6.1716	
2	1.4995	1.26453	2.80466	
2	1.94328	1.1368	5.10808	
2	1.45036	1.15958	3.36964	
2	0.914554	2.52253	0.823551	
2	2.01948	2.24466	2.8524	
2	2.33395	0.851022	6.88923	
2	1.83295	1.11737	0.823195	
2	1.90188	1.9833	2.18186	
2	-0.129018	2.09453	-0.155841	
2	2.51766	1.14011	1.4586	
2	1.9874	1.85192	4.91671	
#ITERATION
9000
#type theta	psi	phi
1	0.893664	2.09293	6.27977	
1	1.2487	1.87496	3.41394	
1	0.619486	3.81156	7.00627	
1	3.36847	1.46888	6.39658	
1	0.802511	2.25759	1.67495	
1	-0.107804	0.957887	3.99682	
1	2.0907	1.48174	5.34611	
1	2.22121	0.99482	4.7509	
1	0.870282	2.0131	2.84581	
1	0.629445	1.23651	1.84294	
1	1.77904	1.01098	6.24129	
1	1.04596	2.41761	5.57535	
1	0.275539	1.57734	3.39221	
1	1.80566	1.18108	1.68862	
1	-0.835516	0.685342	3.16674	
1	1.60223	2.04823	5.38015	
1	2.96234	2.1192	5.15605	
1	0.724842	1.84987	3.82204	
1	1.63054	1.52177	3.7164	
1	2.56142	2.08628	0.78822	
1	2.01508	1.51811	5.95166	
1	2.12432	1.4524	4.13954	
1	0.770787	1.98247	0.857674	
1	2.05974	1.67706	2.60587	
1	1.55414	0.565393	0.866393	
1	2.12946	2.1248	5.80166	
1	1.87106	2.37963	0.797508	
1	2.57195	1.77991	4.03268	
1	2.48048	1.32787	2.50435	
1	1.91324	1.04697	3.65246	
1	1.6788	1.0064	4.28824	
1	2.05827	1.9722	0.218862	
1	1.7451	1.68344	4.91313	
1	1.18595	2.49647	2.67406	
1	1.83443	1.7811	0.781113	
1	1.71714	1.75011	3.1225	
1	2.06313	2.29762	5.02626	
1	2.47103	2.01724	3.05829	
1	2.01432	1.27423	2.98088	
1	1.92369	2.11729	4.24814	
1	1.66714	2.42028	-0.0670985	
1	3.49491	1.58627	4.03843	
1	1.35486	1.9612	0.515324	
1	1.46331	2.0453	1.23796	
1	2.49998	0.401416	1.86875	
1	2.2817	0.564008	4.05151	
1	-1.25061	1.35705	2.99043	
1	1.23133	1.02099	1.27473	
1	1.6425	1.4945	0.337308	
1	1.52694	1.54391	5.55151	
1	2.72374	2.52894	1.87001	
1	1.09015	1.44373	4.03166	
1	2.24685	1.3799	0.586012	
1	-0.971444	3.28042	0.52104	
1	0.952703	1.68019	1.51791	
1	1.61568	2.68352	4.23807	
1	2.06927	1.74049	3.53226	
1	-0.39943	1.82966	2.2876	
1	2.12353	2.05645	1.42756	
1	0.343818	1.57357	1.0066	
2	1.22941	0.761801	3.81849	
2	2.00896	1.05909	2.31057	
2	0.721916	2.22987	4.73202	
2	0.938134	1.4337	2.55129	
2	2.64131	1.38456	5.185	
2	1.07261	1.33346	5.31579	
2	0.98087	2.38403	3.5578	
2	0.619702	1.31582	5.86084	
2	2.48343	1.19662	-0.199283	
2	1.76306	2.20674	3.55707	
2	1.3434	0.872512	5.65397	
2	1.49788	1.91378	2.60673	
2	1.05811	1.07997	4.52791	
2	1.60673	0.599787	4.84306	
2	1.43594	2.15174	4.71944	
2	1.16869	1.6799	4.83476	
2	0.57328	1.03358	3.84551	
2	-0.333309	2.66786	1.54085	
2	2.50132	1.11223	3.73067	
2	1.28805	1.52427	0.942086	
