1	2.17841	1.93621	2.4962	
1	1.44941	0.537945	1.07509	
1	2.26142	2.15981	6.27103	
1	2.05621	2.34549	0.802972	
1	2.60675	1.83182	4.31606	
1	2.34935	1.38673	2.67168	
1	1.92204	1.12131	3.69664	
1	1.27683	1.47321	4.15403	
1	1.71722	1.96647	0.354687	
1	1.66384	1.84516	5.26662	
1	1.49753	2.66799	2.93791	
1	1.69588	1.67655	0.919832	
1	1.50911	1.71318	3.07805	
1	2.1367	2.45556	5.28888	
1	2.61384	1.93185	2.98421	
1	1.98359	1.42959	3.20603	
1	1.80818	2.01061	4.22133	
1	1.64298	2.4668	0.0356366	
1	3.51993	1.35515	3.71328	
1	1.17148	2.07653	0.534452	
1	1.34608	2.06148	1.16712	
1	2.50229	0.422718	2.20473	
1	2.20441	0.554627	4.01541	
1	-1.12618	1.29216	3.02889	
1	1.0453	1.02405	1.19756	
1	1.66981	1.41514	0.115755	
1	1.59348	1.51676	5.82642	
1	2.51952	2.40124	2.08451	
1	0.821558	1.27102	3.77468	
1	2.18726	1.68366	0.4139	
1	-0.525129	3.38178	0.800415	
1	0.916764	1.52128	1.33905	
1	1.61338	2.66683	4.32821	
1	2.14004	1.82746	3.56894	
1	-0.434127	1.7312	2.25161	
1	2.00796	2.07487	1.3798	
1	0.328585	1.53957	0.865017	
2	1.20912	0.803371	4.0536	
2	2.02788	1.00134	2.30196	
2	0.75167	2.20639	4.85356	
2	1.11084	1.66436	2.47734	
2	2.52407	1.34619	4.86093	
2	1.17093	1.35893	5.39731	
2	0.777666	2.3477	3.5752	
2	0.649748	1.21623	5.72312	
2	2.46575	1.26972	-0.362107	
2	1.43762	2.17866	3.55142	
2	1.27389	0.828362	5.74271	
2	1.4098	2.11271	2.47678	
2	1.35483	1.12331	4.77134	
2	1.39914	0.538094	5.03694	
2	1.53678	2.20255	4.78441	
2	1.06037	1.67825	4.74177	
2	0.717464	0.876529	3.16459	
2	-0.095937	2.7214	1.32222	
2	2.47008	1.35677	3.63072	
2	1.19846	1.4498	0.653562	
2	2.82069	0.933001	4.0727	
2	0.736514	1.63148	0.14586	
2	1.89144	0.496572	6.27233	
2	0.687146	1.85936	2.09099	
2	1.05202	1.10784	2.38838	
2	0.67922	1.28247	4.60248	
2	1.07836	1.89679	5.47921	
2	3.42182	-0.149679	3.64868	
2	2.29719	1.45759	1.09496	
2	1.20718	1.94672	1.80257	
2	1.69521	-0.630677	0.00882925	
2	1.45266	0.92086	1.79777	
2	0.660995	1.13494	0.557591	
2	1.64411	1.5811	4.80837	
2	0.542447	0.730879	1.72225	
2	2.26886	0.907709	3.1154	
2	1.49225	1.52305	1.4735	
2	1.20241	2.08415	4.17007	
2	1.65348	2.4619	1.96869	
2	2.03431	1.42747	1.75264	
2	2.66777	1.78585	5.75354	
2	2.53697	1.82377	1.90798	
2	0.56875	0.764859	4.74407	
2	1.36149	0.934295	6.66029	
2	1.0448	1.35362	2.99708	
2	1.76435	1.58141	2.53262	
2	2.3057	0.795082	5.28086	
2	1.47597	1.47429	2.05303	
2	1.32356	1.92079	6.171	
2	1.50162	1.06705	2.76683	
2	1.73057	1.16209	5.28846	
2	1.35843	1.15386	3.4008	
2	1.10859	2.57279	0.939114	
2	1.85718	2.17981	3.0428	
2	2.4652	0.810686	6.85216	
2	1.90367	1.16453	0.5797	
2	1.82862	1.91329	1.94758	
2	-0.084042	2.11025	0.0376697	
2	2.57363	1.00328	1.78958	
2	2.13636	2.02721	4.79845	
#ITERATION
8000
#type theta	psi	phi
1	0.644172	2.14445	6.0273	
