1	1.21343	1.80467	3.54689	
1	0.736409	3.76929	6.74981	
1	3.20946	1.51352	6.10823	
1	0.68206	2.3698	2.20624	
1	-0.0459126	1.00795	3.97024	
1	2.19498	1.58575	5.41394	
1	2.0534	0.92026	4.48577	
1	0.862825	1.89228	3.03336	
1	0.624986	1.23964	1.7212	
1	1.8438	1.03665	6.16537	
1	1.1025	2.37867	5.38149	
1	0.235717	1.47079	3.1365	
1	1.9213	1.0077	1.5479	
1	-0.738681	0.789074	3.21219	
1	1.61453	1.97166	5.54553	
1	2.96262	2.32669	5.28258	
1	0.625924	1.8152	3.87088	
1	1.7936	1.66226	3.67979	
1	2.54096	2.0193	0.550305	
1	1.89861	1.63036	5.95583	
1	2.19184	1.45142	4.3202	
1	0.728896	2.04278	0.983712	
1	2.04011	1.6224	2.61114	
1	1.49127	0.614996	0.991298	
1	2.17619	2.12889	5.92966	
1	2.0689	2.40742	0.868035	
1	2.64517	1.85964	4.39477	
1	2.52324	1.3727	2.52661	
1	2.02656	0.978742	3.65765	
1	1.66112	1.30277	4.07157	
1	1.88657	1.98498	0.232329	
1	1.49469	1.64518	5.13168	
1	1.38995	2.71507	2.91663	
1	1.79567	1.7951	0.79714	
1	1.49339	1.78094	3.05727	
1	2.11239	2.47995	5.15188	
1	2.70034	1.92223	2.93988	
1	2.06244	1.38064	3.15442	
1	2.10041	2.04421	4.16193	
1	1.59143	2.55453	-0.145793	
1	3.67017	1.45677	3.73225	
1	1.18252	2.05732	0.471207	
1	1.398	2.04509	1.17789	
1	2.58694	0.564087	1.77609	
1	2.40474	0.460299	3.97094	
1	-1.2765	1.35338	2.91254	
1	1.35417	1.15985	1.13152	
1	1.49394	1.56771	0.239839	
1	1.66793	1.28768	5.60901	
1	2.42044	2.40274	1.82481	
1	1.05577	1.32458	3.93712	
1	2.09426	1.4507	0.270187	
1	-0.720462	3.32821	0.573116	
1	1.03234	1.57431	1.44987	
1	1.49661	2.64291	4.21763	
1	2.22083	1.91055	3.43215	
1	-0.416693	1.75481	2.21021	
1	1.99486	2.01665	1.58716	
1	0.378164	1.5996	0.879802	
2	1.2859	0.805699	4.03093	
2	1.81591	0.959236	2.36236	
2	0.696318	2.18364	4.67758	
2	1.08031	1.58668	2.47326	
2	2.59785	1.2986	4.88793	
2	1.03896	1.1836	5.20882	
2	0.92564	2.32208	3.85508	
2	0.610299	1.30832	5.82148	
2	2.39982	1.32766	-0.290328	
2	1.64865	2.1806	3.60699	
2	1.2957	0.847065	5.77676	
2	1.3948	2.10064	2.49054	
2	1.25479	1.20504	4.52793	
2	1.50234	0.648321	4.88381	
2	1.51253	2.16571	4.72787	
2	0.998863	1.72832	4.90129	
2	0.61664	0.878643	3.40571	
2	-0.0955792	2.70743	1.47089	
2	2.55193	1.28203	3.72365	
2	1.23495	1.63695	0.781606	
2	3.1102	0.993282	4.43764	
2	0.895754	1.63601	0.138406	
2	1.71759	0.392954	6.24164	
2	0.639038	1.8078	2.11121	
2	1.00335	1.01383	2.55594	
2	0.618403	1.27046	4.47577	
2	1.11254	1.75136	5.59633	
2	3.61555	-0.199645	3.65253	
2	2.13426	1.48063	1.11385	
2	1.29109	1.92101	1.84511	
2	1.53464	-0.591412	-0.0682477	
2	1.53511	0.550874	2.01607	
2	0.748712	1.24441	0.649571	
2	1.60494	1.68056	4.49528	
2	0.647435	0.674144	1.53071	
2	2.35579	0.935448	2.99002	
2	1.59828	1.55494	1.46509	
2	1.16567	1.82663	4.21849	
2	1.47238	2.50661	1.72802	
2	2.10406	1.44235	1.92572	
2	2.69427	1.8014	5.75767	
2	2.5644	1.73989	1.68799	
