2	1.33073	2.13718	2.23652	
2	1.12974	1.08327	4.40518	
2	1.47629	0.676451	4.87843	
2	1.28035	2.10929	4.48981	
2	1.23366	1.61753	4.77519	
2	0.595393	0.813789	2.64369	
2	-0.756888	2.59534	1.5748	
2	2.33947	1.16636	3.74562	
2	1.30959	1.62116	0.646419	
2	2.96633	0.895854	4.42652	
2	0.999191	1.65697	-0.029231	
2	1.64415	0.508487	6.92207	
2	0.65792	1.38773	2.74139	
2	1.19337	1.19158	2.35459	
2	0.663384	1.26733	4.78573	
2	0.919073	1.56129	5.52485	
2	3.85844	-0.144303	3.6159	
2	2.29457	1.45772	0.867595	
2	1.49588	1.8491	1.65358	
2	1.52229	-0.624954	-0.426425	
2	1.25711	0.583594	1.73263	
2	0.792696	1.27474	0.715233	
2	1.50261	1.50329	4.25005	
2	0.734548	1.18654	1.67973	
2	2.39731	0.996119	2.90846	
2	1.70968	1.58791	1.144	
2	1.28111	1.89376	3.74299	
2	1.52585	2.50411	1.60076	
2	2.0657	1.53041	1.67421	
2	2.50166	1.74894	5.73434	
2	2.60743	1.89739	1.76658	
2	0.605177	0.681046	4.55908	
2	1.15972	1.06142	6.46327	
2	0.591674	1.12332	3.64858	
2	1.58174	1.5865	2.21918	
2	2.21308	0.526268	5.60686	
2	1.41844	1.33355	1.62541	
2	1.43396	1.91057	5.76639	
2	1.70995	1.22953	2.70639	
2	1.72446	1.20326	4.93631	
2	1.17318	1.13104	3.01089	
2	0.867021	2.54056	0.503885	
2	1.86687	2.49816	2.66609	
2	2.47695	1.00773	6.84768	
2	1.69541	1.0971	0.51143	
2	2.05634	2.01653	2.12351	
2	0.0616191	2.21574	-0.10861	
2	2.71023	1.26492	1.70381	
2	2.35261	2.03445	4.81044	
#ITERATION
15000
#type theta	psi	phi
1	0.65652	2.15541	5.69702	
1	1.00392	1.63398	3.4924	
1	0.424007	3.82496	6.92645	
1	3.53102	1.45047	5.93666	
1	0.754538	2.16427	1.64385	
1	-0.491738	0.711926	3.78499	
1	2.12086	1.54312	5.15153	
1	2.27653	1.00998	4.84226	
1	0.708429	2.01548	2.72185	
1	-0.0275526	1.16641	2.82152	
1	1.86286	0.964219	6.2395	
1	1.30086	2.1943	5.16516	
1	0.33608	1.64268	3.42694	
1	1.864	0.923943	1.27548	
1	-1.13513	0.546813	2.63794	
1	1.963	2.06802	5.5416	
1	3.1653	1.97261	5.03755	
1	0.92528	1.60135	4.15197	
1	2.00935	1.58676	3.80039	
1	2.49709	2.01893	0.702041	
1	1.88692	1.50381	5.78601	
1	2.17227	1.53488	4.41091	
1	0.779135	2.05879	0.549077	
1	1.74935	1.92987	2.77544	
1	1.15022	1.07027	0.983678	
1	2.50573	2.40562	5.98665	
1	1.90929	2.47407	0.536912	
1	2.52511	1.81888	3.75605	
1	2.21459	1.5151	2.39034	
1	1.85911	1.05238	3.46831	
1	1.74587	1.02418	4.19931	
1	2.06271	1.92553	-0.0999177	
1	1.721	1.91314	4.87957	
1	0.928231	2.57733	2.38203	
1	1.8789	1.84989	0.537622	
1	1.5827	1.63314	3.27733	
1	1.84214	2.54527	4.66565	
1	2.43752	2.07601	2.68589	
1	2.17184	1.49661	3.08219	
1	1.95677	2.07608	4.15112	
1	1.52186	2.45596	-0.429962	
1	3.50077	1.42545	3.62852	
1	1.45905	2.02358	0.2029	
1	1.41079	2.11422	0.893039	
1	2.47661	0.490717	1.66044	
1	2.38944	0.62644	3.89565	
1	-1.34873	1.17585	2.73908	
1	0.955711	1.59879	1.31066	
1	1.6591	1.50965	0.0745938	
