1	-1.12449	0.81404	2.63713	
1	2.05627	2.03408	5.40406	
1	3.04578	2.02776	4.70292	
1	0.770103	1.584	4.11894	
1	1.88947	1.59858	3.72461	
1	2.48644	1.95905	0.413001	
1	1.98458	1.57994	5.80793	
1	1.98671	1.56807	4.37781	
1	0.796408	2.00714	0.740898	
1	1.85257	1.97033	2.7455	
1	1.27575	0.658524	1.20697	
1	2.52358	2.38428	5.77923	
1	1.80869	2.37219	0.550744	
1	2.49095	1.76355	3.95009	
1	2.18726	1.61841	2.46689	
1	1.85699	1.08773	3.4973	
1	1.68728	1.03461	4.20591	
1	2.05486	2.07805	-0.0791298	
1	1.61489	1.90317	4.88878	
1	0.993377	2.60865	2.52421	
1	1.90097	1.73622	0.679294	
1	1.67105	1.63405	3.26218	
1	1.94093	2.56759	4.97752	
1	2.4669	2.06651	2.75685	
1	2.23398	1.49572	3.1974	
1	1.87297	2.16235	4.21301	
1	1.49801	2.42752	-0.319657	
1	3.3805	1.55872	3.8825	
1	1.30681	2.00158	0.221052	
1	1.38114	2.01431	0.966502	
1	2.48819	0.542331	1.50605	
1	2.27171	0.631445	3.85813	
1	-1.28885	1.35284	2.87751	
1	1.26485	1.18212	1.10377	
1	1.68008	1.57664	0.142996	
1	1.5389	1.59113	5.39882	
1	2.58071	2.41781	1.27375	
1	1.29962	1.29938	3.83341	
1	2.21609	1.44134	0.199323	
1	-0.261603	3.24314	-0.208016	
1	1.0046	1.65988	1.40577	
1	1.33112	2.61251	3.87052	
1	1.887	2.2217	3.42102	
1	-0.304012	1.668	2.37768	
1	2.09103	1.96259	1.29739	
1	0.398469	1.74348	1.38006	
2	1.20519	0.592583	3.82576	
2	1.91415	0.97798	2.04723	
2	0.621292	2.04819	4.7499	
2	1.34304	1.65903	2.75014	
2	2.70762	1.45448	4.83652	
2	1.21322	1.18362	5.23307	
2	0.718603	2.15667	3.67023	
2	0.63729	1.2505	5.98742	
2	2.42621	1.21275	-0.571841	
2	1.30776	2.20298	3.09665	
2	1.84333	1.0884	5.53875	
2	1.38485	2.17436	2.30446	
2	1.04715	1.15659	4.52366	
2	1.54555	0.694477	4.89383	
2	1.18774	2.1989	4.43873	
2	1.05581	1.59897	4.88891	
2	0.582346	0.74935	3.00872	
2	-0.823462	2.59657	2.16752	
2	2.31996	1.25272	3.93976	
2	1.31261	1.54744	0.652689	
2	2.90689	0.955931	4.3268	
2	0.926181	1.60667	0.122713	
2	1.56492	0.565662	6.49475	
2	0.919095	1.62046	2.13488	
2	1.04948	1.13784	2.50604	
2	0.370281	1.1747	4.62947	
2	0.920945	1.69321	5.65904	
2	4.12114	-0.0272809	3.28872	
2	2.29583	1.36594	0.97491	
2	1.4674	1.92666	1.62429	
2	1.30341	-0.651031	-0.218252	
2	1.33429	0.685459	2.15481	
2	0.562345	1.26118	0.889003	
2	1.36744	1.62321	4.38758	
2	0.822124	1.12114	1.75254	
2	2.40303	1.00651	2.72997	
2	1.70543	1.52375	1.28163	
2	1.44957	1.9126	3.786	
2	1.57894	2.47457	1.50815	
2	2.16918	1.51716	1.74244	
2	2.53401	1.72767	5.86848	
2	2.55794	1.89359	1.80466	
2	0.573802	0.618334	4.93195	
2	1.08292	1.01965	6.61057	
2	0.752551	1.23917	3.46567	
2	1.61442	1.55599	2.26428	
2	2.45734	0.605882	5.56286	
2	1.40646	1.24432	1.72467	
2	1.47523	1.87477	5.91423	
2	1.703	1.21669	2.81109	
2	1.64583	1.33452	4.85917	
2	1.28049	1.04548	3.15696	
2	0.828269	2.57515	0.702682	
2	1.90082	2.48022	2.56764	
2	2.35759	0.916138	6.60124	
