2	1.51406	1.612	4.20821	
2	0.689628	1.05224	1.64801	
2	2.4217	1.00872	2.8498	
2	1.6874	1.59835	1.19803	
2	1.24833	2.0017	3.75428	
2	1.66841	2.52317	1.66703	
2	2.06347	1.4429	1.63232	
2	2.51568	1.78199	5.80713	
2	2.52645	1.76947	1.6928	
2	0.620874	0.759541	4.61329	
2	1.23948	0.906499	6.44365	
2	0.676914	1.1952	3.48637	
2	1.57138	1.55912	2.18838	
2	2.43465	0.616116	5.63457	
2	1.4429	1.25517	1.67434	
2	1.49995	1.85579	5.93352	
2	1.87444	1.21338	2.76695	
2	1.59223	1.29663	4.76732	
2	1.27345	1.18019	3.06665	
2	0.886383	2.68479	0.761532	
2	2.08955	2.49844	2.67259	
2	2.32954	0.962053	6.66968	
2	1.72607	1.23727	0.666449	
2	2.09403	2.02108	2.03835	
2	0.123574	2.30464	0.431881	
2	2.62403	1.11996	1.5563	
2	2.32656	1.97449	4.84738	
#ITERATION
14000
#type theta	psi	phi
1	0.761481	2.17302	5.86741	
1	0.936466	1.63863	3.34127	
1	0.568935	3.88227	6.91057	
1	3.62633	1.47175	6.16871	
1	0.879169	2.10385	1.56483	
1	-0.472514	0.705129	3.55322	
1	2.25542	1.45366	5.10984	
1	2.24064	0.91027	4.71776	
1	0.754003	2.01589	2.54359	
1	0.14319	1.2167	2.2031	
1	1.9334	0.936283	6.19361	
1	1.18265	2.13601	5.19163	
1	0.343419	1.76032	3.43465	
1	1.91536	0.996024	1.29875	
1	-1.12995	0.695814	2.68234	
1	1.92203	2.0475	5.38869	
1	3.02981	1.99184	4.80701	
1	0.886505	1.6311	4.15706	
1	1.87917	1.51383	3.79781	
1	2.57043	2.09449	0.657695	
1	1.90411	1.54271	5.76017	
1	2.10266	1.53777	4.37344	
1	0.827934	2.01398	0.644352	
1	1.78637	1.92117	2.67132	
1	1.28358	0.988865	0.98043	
1	2.53734	2.47266	5.75737	
1	1.83988	2.46868	0.568604	
1	2.3197	1.79464	3.66873	
1	2.19068	1.43939	2.32314	
1	1.7826	1.05622	3.43859	
1	1.71553	0.986887	4.13385	
1	1.87763	2.05892	-0.204078	
1	1.74817	1.87249	4.77247	
1	0.754813	2.57784	2.47125	
1	1.89968	1.84874	0.504787	
1	1.45888	1.60343	3.17206	
1	1.83406	2.46125	4.77247	
1	2.4117	2.04822	2.83936	
1	2.08923	1.54516	3.0145	
1	1.96083	2.15031	4.09983	
1	1.56456	2.55529	-0.438313	
1	3.48802	1.56286	3.6066	
1	1.36018	2.13645	0.224626	
1	1.3924	2.15067	1.02629	
1	2.56148	0.617111	1.84118	
1	2.28062	0.605769	3.85003	
1	-1.34326	1.29918	2.82585	
1	1.08896	1.5255	1.18714	
1	1.62573	1.63308	0.0100128	
1	1.48576	1.56397	5.35552	
1	2.56799	2.42428	1.71513	
1	1.28192	1.25931	3.7844	
1	2.2243	1.4396	0.0603422	
1	0.0447473	3.21204	-0.247289	
1	0.992526	1.62213	1.97601	
1	1.52847	2.60501	3.71767	
1	1.87998	2.0287	3.36396	
1	-0.433259	1.63992	3.21169	
1	2.02897	2.06908	1.22954	
1	0.43262	1.68433	1.4747	
2	1.25113	0.669628	3.66244	
2	1.84914	1.0395	2.09701	
2	0.581676	1.91965	4.8904	
2	1.25023	1.67519	2.65546	
2	2.66844	1.40911	4.51578	
2	1.14332	1.12838	5.14898	
2	0.693803	2.21932	3.63469	
2	0.612741	1.1001	5.76074	
2	2.45497	1.10459	-0.621794	
2	1.24628	2.16883	3.1242	
2	1.80037	1.04368	5.50499	
