2	3.02329	0.921771	4.69942	
2	0.927114	1.57142	0.300935	
2	1.78769	0.339151	6.01022	
2	0.547122	1.77039	2.20522	
2	0.815531	0.837898	2.67036	
2	0.564714	1.42401	4.69543	
2	1.06276	1.78035	5.67478	
2	3.5514	-0.31084	3.67775	
2	2.24053	1.55226	1.33168	
2	1.15914	1.8998	2.14924	
2	1.51873	-0.616462	-0.201549	
2	1.4353	0.708413	1.98378	
2	0.729552	1.20582	0.886769	
2	1.59328	1.59687	4.31472	
2	0.69474	0.699763	1.489	
2	2.36702	0.813057	2.90141	
2	1.63439	1.67684	1.66576	
2	1.28156	2.02287	4.0906	
2	1.56111	2.51173	1.67925	
2	2.12373	1.63877	1.97255	
2	2.55344	1.74413	6.06319	
2	2.59201	1.91845	1.97499	
2	0.625025	0.796775	5.08274	
2	1.31175	1.05112	6.83184	
2	0.882762	1.46314	3.21361	
2	1.64441	1.52155	2.22693	
2	2.1432	0.804865	5.59871	
2	1.1927	1.29812	1.87032	
2	1.5072	1.85497	6.075	
2	1.47202	1.3722	2.76731	
2	1.59446	1.14604	5.03868	
2	1.36126	1.1563	3.31209	
2	0.911385	2.51533	0.795205	
2	1.97805	2.32322	2.69414	
2	2.38513	0.747934	6.64494	
2	1.78792	1.21443	1.01261	
2	1.79497	2.07851	2.056	
2	-0.124812	2.13989	-0.237575	
2	2.40092	1.03755	1.35338	
2	2.24374	1.72085	4.70157	
#ITERATION
10000
#type theta	psi	phi
1	0.750167	2.15113	6.2537	
1	1.19411	1.94272	3.30766	
1	0.512725	3.99077	6.95414	
1	3.35359	1.48804	6.23831	
1	0.771765	2.37594	1.75658	
1	-0.0487468	1.04318	3.69399	
1	2.13496	1.57917	5.36107	
1	2.23209	1.2172	4.67054	
1	0.7403	1.88394	2.85253	
1	0.624455	1.30011	2.18471	
1	1.81118	1.02853	6.39371	
1	1.21498	2.5396	5.34557	
1	0.311237	1.52268	3.41269	
1	1.98811	0.884819	1.44615	
1	-0.943805	0.674554	3.04243	
1	1.46754	1.81663	5.27445	
1	2.99604	1.96392	5.33559	
1	0.741219	1.76278	3.9731	
1	1.48412	1.6569	3.72384	
1	2.56418	1.97322	0.47469	
1	1.82947	1.51465	6.00933	
1	1.97794	1.53719	4.19335	
1	0.801901	2.03443	0.898148	
1	1.8975	1.81816	2.54059	
1	1.34899	0.605197	0.852975	
1	2.14177	2.08491	5.69847	
1	2.01189	2.35763	0.653371	
1	2.50349	1.65453	4.13786	
1	2.44264	1.46935	2.41358	
1	1.93041	1.08319	3.69522	
1	1.6928	1.13618	4.33186	
1	1.94342	1.98624	0.0356895	
1	1.84053	1.65942	4.76021	
1	1.38365	2.66386	2.72928	
1	1.81166	1.82274	0.802354	
1	1.68186	1.5662	3.19654	
1	2.35669	2.54166	5.03147	
1	2.41614	1.81662	3.09689	
1	2.05864	1.29358	2.90496	
1	1.99949	2.18069	4.25985	
1	1.5507	2.43561	-0.155707	
1	3.51544	1.41757	3.6938	
1	1.39193	2.03425	0.401185	
1	1.39924	2.01153	1.31873	
1	2.35132	0.351939	1.81982	
1	2.30305	0.534861	4.0231	
1	-1.18808	1.24956	2.97918	
1	1.35961	1.06784	1.28367	
1	1.48469	1.56636	0.211367	
1	1.49557	1.40874	5.61713	
1	2.8109	2.50089	1.12127	
1	1.11016	1.25591	3.98952	
1	2.10748	1.53329	0.397911	
1	-1.10091	3.31183	0.685069	
1	0.99872	1.57562	1.31036	
1	1.51325	2.67896	4.09982	
1	2.01452	1.77697	3.62393	
1	-0.393382	1.73456	2.38385	
