1	2.09394	2.07737	1.32094	
1	0.416771	1.59644	1.0287	
2	1.40683	0.701426	3.89526	
2	1.94415	1.12876	2.11427	
2	0.720995	2.21391	4.6844	
2	1.2597	1.60679	2.83254	
2	2.69628	1.3467	5.00219	
2	1.01612	1.4079	5.35887	
2	0.745305	2.3302	3.4723	
2	0.630408	1.15125	5.93434	
2	2.4651	1.07045	-0.174918	
2	1.75867	2.20808	3.30617	
2	1.48242	0.861247	5.53126	
2	1.32716	2.12569	2.63411	
2	1.14322	1.1676	4.6741	
2	1.56084	0.645674	4.81072	
2	1.4871	2.14862	4.756	
2	0.974359	1.7234	4.73891	
2	0.660377	0.910061	3.71067	
2	-0.128075	2.67401	1.68688	
2	2.53717	1.14491	3.71764	
2	1.25768	1.57034	0.79222	
2	3.10767	0.854189	5.1371	
2	0.822403	1.62103	0.056657	
2	1.93839	0.437155	5.98803	
2	0.658164	1.8648	1.99916	
2	0.879012	0.903836	2.66532	
2	0.579854	1.3166	4.62985	
2	0.959962	1.92738	5.40009	
2	3.33286	-0.3317	3.46544	
2	2.28375	1.55024	1.05576	
2	1.25313	1.97247	1.89438	
2	1.66989	-0.545239	-0.185795	
2	1.50061	0.691842	2.04461	
2	0.716169	1.17717	0.769709	
2	1.42019	1.66333	4.32411	
2	0.643883	0.856405	1.66696	
2	2.3229	0.815253	2.609	
2	1.67884	1.52597	1.36805	
2	1.28715	2.10917	4.00454	
2	1.85659	2.52248	1.68595	
2	2.10827	1.50369	1.74774	
2	2.51156	1.62672	5.88899	
2	2.60244	1.98939	1.91488	
2	0.717716	0.774089	5.00119	
2	1.32356	1.09571	6.77685	
2	0.854488	1.34529	3.32303	
2	1.50515	1.57289	2.21903	
2	2.34071	0.849308	5.20143	
2	1.1533	1.19259	1.88651	
2	1.32005	1.92248	6.01477	
2	1.4995	1.12201	2.61365	
2	1.71727	1.21847	5.00399	
2	1.33445	1.07826	3.2843	
2	1.0679	2.52261	0.625374	
2	2.23736	2.37691	2.68487	
2	2.24038	0.835741	6.94625	
2	1.76509	1.24364	0.826435	
2	1.87619	1.99452	1.94374	
2	-0.0302342	2.11973	0.0385778	
2	2.59162	1.1296	1.67901	
2	2.39809	1.96258	4.91828	
#ITERATION
11000
#type theta	psi	phi
1	0.783127	2.14239	6.1803	
1	1.25365	1.75812	3.45035	
1	0.493599	3.77294	6.83216	
1	3.42026	1.57625	5.76253	
1	0.788645	2.34639	1.76455	
1	-0.0518634	0.871731	3.66599	
1	2.18217	1.61279	5.21191	
1	2.16981	1.09979	4.97274	
1	0.954328	1.8688	2.80199	
1	0.555748	1.29506	2.16382	
1	1.8184	0.861832	6.23127	
1	1.03379	2.12952	5.37798	
1	0.295429	1.7559	3.24203	
1	1.9416	0.976869	1.48424	
1	-0.936438	0.759273	2.80061	
1	1.90846	2.08872	5.46922	
1	3.16785	2.06937	5.02954	
1	0.754105	1.59675	4.0797	
1	1.79093	1.6321	3.9816	
1	2.40893	1.97528	0.610264	
1	2.01575	1.41079	5.83857	
1	2.05253	1.63078	4.47574	
1	0.740789	1.93768	0.800682	
1	1.8401	1.87257	2.73081	
1	1.45225	0.678115	1.12349	
1	2.51024	2.36207	5.9098	
1	1.87975	2.35586	0.633751	
1	2.57321	1.77451	3.91419	
1	2.2881	1.47616	2.39958	
1	1.83901	1.12822	3.61216	
1	1.72664	1.1514	4.2917	
1	1.88764	1.96099	-0.0580916	
1	1.71678	1.83657	4.92324	
1	1.12858	2.64743	2.76046	
1	1.84772	1.7735	0.67328	
1	1.85067	1.57995	3.27363	
