2	1.79447	1.16138	0.600415	
2	1.9491	2.03694	1.95952	
2	0.103785	2.26697	-0.190078	
2	2.65035	1.09128	1.56042	
2	2.342	2.04885	4.74261	
#ITERATION
13000
#type theta	psi	phi
1	0.880071	2.2383	5.89253	
1	0.941191	1.68638	3.16258	
1	0.550454	3.85289	7.10526	
1	3.42865	1.47708	5.89949	
1	0.899081	2.24171	1.70561	
1	-0.405353	0.672621	3.7393	
1	2.08745	1.49601	5.17047	
1	2.24101	1.01523	4.73068	
1	0.801783	2.01452	2.52854	
1	0.0125542	1.17752	2.12137	
1	1.84496	1.00862	6.10491	
1	1.26613	2.10055	5.26566	
1	0.305751	1.71592	3.26327	
1	2.03867	0.953182	1.33245	
1	-1.30287	0.63613	2.48113	
1	1.95939	2.02659	5.46637	
1	3.00775	1.9691	5.09099	
1	0.769885	1.67732	4.01797	
1	1.89102	1.58529	3.74303	
1	2.53612	1.97832	0.591761	
1	1.95196	1.54392	5.81504	
1	2.09473	1.59953	4.45917	
1	0.727333	2.08823	0.692881	
1	1.88264	1.86305	2.67826	
1	1.33165	0.802889	0.989282	
1	2.43023	2.34444	5.77611	
1	1.95936	2.53196	0.500782	
1	2.49241	1.85018	3.95669	
1	2.26681	1.50963	2.32607	
1	1.90789	1.07356	3.43553	
1	1.78716	1.05473	4.09362	
1	1.92311	2.03538	-0.00811927	
1	1.73426	1.86787	4.83014	
1	1.02326	2.64286	2.56848	
1	1.89837	1.78231	0.646689	
1	1.55604	1.62048	3.24913	
1	1.84563	2.46215	4.78824	
1	2.54277	1.94289	2.69869	
1	2.18073	1.62096	3.15121	
1	1.89654	2.07014	4.19724	
1	1.51986	2.51663	-0.458513	
1	3.51802	1.40154	3.52751	
1	1.28685	2.13725	0.197307	
1	1.36781	2.12779	1.04108	
1	2.44383	0.545052	1.78937	
1	2.26036	0.527631	3.76192	
1	-1.28685	1.3578	2.70433	
1	1.13323	1.2863	1.11397	
1	1.495	1.5185	0.107577	
1	1.56271	1.59847	5.35859	
1	2.7695	2.42197	1.57135	
1	1.2846	1.25521	3.64321	
1	2.04896	1.47624	0.148064	
1	-0.0454537	3.31388	-0.0951772	
1	1.03888	1.71347	1.47934	
1	1.48159	2.58374	3.81003	
1	1.95478	2.05607	3.4801	
1	-0.330083	1.67516	2.792	
1	2.01383	2.08241	1.22248	
1	0.477339	1.67672	1.30665	
2	1.27264	0.727821	3.58084	
2	1.92214	1.05733	2.08397	
2	0.578606	2.0429	4.67628	
2	1.29777	1.64368	2.67686	
2	2.63267	1.45571	4.75027	
2	1.10725	1.17106	5.32297	
2	0.609975	2.23792	3.44174	
2	0.782521	1.11241	5.90026	
2	2.46314	1.19351	-0.508097	
2	1.34679	2.21151	3.06652	
2	1.78908	1.03965	5.37941	
2	1.37461	2.18314	2.24208	
2	1.10998	1.20905	4.27744	
2	1.63942	0.664705	4.62548	
2	1.20785	2.07758	4.50317	
2	1.05933	1.59496	4.76668	
2	0.621255	0.77825	2.78787	
2	-0.75332	2.63791	1.62725	
2	2.41126	1.24674	3.81973	
2	1.23012	1.67897	0.703672	
2	3.00401	0.961457	4.31787	
2	0.944547	1.68138	0.0611041	
2	1.68165	0.441223	6.63836	
2	0.739808	1.54236	2.07461	
2	1.16543	1.1538	2.27003	
2	0.507751	1.36543	4.64356	
2	0.832923	1.6877	5.38457	
2	3.91376	-0.125962	3.76766	
2	2.22778	1.46589	0.964006	
2	1.56004	1.91507	1.68834	
2	1.5835	-0.72121	-0.467635	
2	1.35846	0.544064	1.84165	
2	0.659964	1.22539	0.492951	
