1	1.9611	2.51223	4.98482	
1	2.40181	1.96621	2.96967	
1	2.36471	1.31265	3.19871	
1	1.90275	2.1683	4.24775	
1	1.55239	2.47267	-0.176519	
1	3.4951	1.54277	3.77676	
1	1.32997	2.06652	0.407593	
1	1.35914	2.10351	1.14856	
1	2.53913	0.454578	1.72527	
1	2.16695	0.62058	4.09017	
1	-1.28303	1.30169	2.82568	
1	1.26791	1.20172	1.15207	
1	1.53723	1.52805	0.187809	
1	1.606	1.48657	5.4679	
1	2.57411	2.45221	1.35409	
1	1.20428	1.36723	3.86779	
1	2.22077	1.43054	0.176666	
1	-0.810184	3.29615	0.633099	
1	0.8673	1.55022	1.39322	
1	1.55416	2.61821	3.92371	
1	1.96021	2.05519	3.52863	
1	-0.448711	1.65854	2.32577	
1	1.98427	2.07339	1.29492	
1	0.267818	1.55822	1.02156	
2	1.31408	0.792437	4.02286	
2	1.85087	1.1891	2.10248	
2	0.604168	2.0869	4.57357	
2	1.37019	1.50513	2.97645	
2	2.74228	1.49572	4.8422	
2	0.9746	1.15058	5.17757	
2	0.711961	2.187	3.46818	
2	0.551747	1.23129	6.12911	
2	2.51312	1.19002	-0.518972	
2	1.44479	2.16108	3.10058	
2	1.75245	0.942073	5.57674	
2	1.33863	2.08347	2.36879	
2	1.06255	1.27443	4.49584	
2	1.57009	0.773146	4.85907	
2	1.26478	2.24582	4.65786	
2	1.07138	1.64493	4.98154	
2	0.674065	0.881748	3.48952	
2	-0.437842	2.67394	1.95477	
2	2.38933	1.21081	4.11386	
2	1.27811	1.62896	0.694338	
2	3.21156	0.934395	5.06077	
2	1.016	1.65954	0.086434	
2	1.4503	0.345926	6.40757	
2	0.597776	1.84108	2.0337	
2	1.05642	1.09174	2.57921	
2	0.464314	1.20116	4.67356	
2	1.01657	1.62789	5.58903	
2	3.88449	-0.312236	3.34632	
2	2.24796	1.36813	0.991558	
2	1.2747	1.90221	1.7952	
2	1.41806	-0.675217	-0.176173	
2	1.48643	0.684752	1.97696	
2	0.718036	1.24309	0.771079	
2	1.45479	1.74025	4.39884	
2	0.817754	0.896829	1.48297	
2	2.37484	0.920142	2.61189	
2	1.67042	1.61702	1.19548	
2	1.14851	2.05912	4.00145	
2	1.69659	2.46811	1.79104	
2	2.02194	1.52426	1.63714	
2	2.44298	1.81978	5.9681	
2	2.40971	1.94827	1.88517	
2	0.729433	0.681654	4.80622	
2	1.19519	1.06007	6.659	
2	0.753758	1.44383	3.30113	
2	1.15701	1.55097	2.29288	
2	2.45621	0.65075	5.3164	
2	1.32574	1.30577	1.77013	
2	1.38838	1.90178	5.9136	
2	1.80311	1.30019	2.69962	
2	1.61154	1.32678	4.85433	
2	1.25756	1.0624	3.31928	
2	0.967609	2.5331	0.717805	
2	2.04183	2.43931	2.62003	
2	2.2919	0.832568	6.92902	
2	1.75163	1.18328	0.609469	
2	1.83749	1.75697	2.05565	
2	0.107556	2.1653	0.122156	
2	2.5649	1.25243	1.68533	
2	2.40033	2.05469	4.73287	
#ITERATION
12000
#type theta	psi	phi
1	0.745818	2.09834	6.1245	
1	1.03371	1.68556	3.33355	
1	0.589606	3.87556	7.03549	
1	3.55238	1.47059	5.96762	
1	0.781124	2.14305	1.78907	
1	-0.365885	0.76372	4.00819	
1	2.15581	1.52697	5.10618	
1	2.24832	1.06912	4.69813	
1	0.865414	1.88988	2.73781	
1	0.373236	1.33005	2.57738	
1	1.80287	1.08743	6.15131	
1	1.23962	2.05901	5.38948	
1	0.310106	1.83599	3.0958	
1	1.93884	1.03281	1.34861	
