1	1.4928	1.55387	5.31359	
1	2.52274	2.38408	1.68996	
1	1.37457	1.32285	3.79754	
1	2.26839	1.40368	0.136165	
1	-0.292907	3.18468	-0.422254	
1	0.928354	1.60941	2.10059	
1	1.50744	2.49076	3.76735	
1	2.01052	2.02623	3.3686	
1	-0.430898	1.63966	2.85542	
1	1.99562	1.94932	1.39741	
1	0.388492	1.73569	1.21397	
2	1.28463	0.691047	3.76964	
2	1.93221	1.03561	2.01996	
2	0.590841	1.88925	4.65829	
2	1.21285	1.64479	2.72203	
2	2.75581	1.5188	4.83676	
2	1.16979	1.0628	5.10241	
2	0.783468	2.12487	3.70438	
2	0.630508	1.06856	5.89409	
2	2.52709	1.10854	-0.619323	
2	1.26065	2.16618	3.13433	
2	1.79635	0.925545	5.4653	
2	1.40495	2.15059	2.24245	
2	1.16457	1.18653	4.41844	
2	1.60428	0.613975	4.65984	
2	1.24642	2.13665	4.42552	
2	1.17417	1.63678	4.76971	
2	0.6599	0.790596	2.57143	
2	-0.792144	2.57076	1.60469	
2	2.45451	1.22054	3.69377	
2	1.17865	1.56846	0.707314	
2	3.05552	0.974101	4.01109	
2	1.04405	1.64565	0.0365482	
2	1.47035	0.590734	6.81785	
2	0.68123	1.4263	2.74289	
2	1.18942	1.10934	2.39255	
2	0.586784	1.28947	4.71591	
2	0.959724	1.61561	5.41189	
2	3.42101	-0.0652053	3.59211	
2	2.23333	1.41626	1.03332	
2	1.41429	2.00921	1.58011	
2	1.51951	-0.626634	-0.390528	
2	1.41368	0.589883	1.79248	
2	0.687874	1.31704	0.580783	
2	1.60031	1.61149	4.42122	
2	0.586698	1.17202	1.53078	
2	2.37821	0.892959	2.73743	
2	1.58925	1.52249	1.16088	
2	1.42686	1.92111	3.80837	
2	1.66973	2.5779	1.56284	
2	1.86714	1.45142	1.68124	
2	2.45207	1.72077	5.67729	
2	2.47438	1.70547	1.68847	
2	0.474226	0.702107	4.44811	
2	1.23981	1.12358	6.48738	
2	0.742082	1.10759	3.59415	
2	1.59926	1.60666	2.1738	
2	2.434	0.469785	5.7438	
2	1.29609	1.25897	1.71072	
2	1.35654	1.79596	5.78253	
2	1.80267	1.29372	2.73745	
2	1.70719	1.18103	4.77572	
2	1.33375	1.12442	3.08216	
2	0.822752	2.60547	0.660303	
2	1.92671	2.5225	2.71333	
2	2.43659	0.861404	6.81545	
2	1.80143	1.16059	0.611401	
2	1.99386	1.99105	2.11094	
2	-0.0762849	2.21783	0.107455	
2	2.51881	1.1509	1.60082	
2	2.46243	2.03949	4.94267	
#ITERATION
16000
#type theta	psi	phi
1	0.790134	2.13537	5.77282	
1	0.890168	1.68448	3.31773	
1	0.503709	3.86403	6.93961	
1	3.51886	1.5479	6.0442	
1	0.790256	2.16277	1.6285	
1	-0.572991	0.652887	3.74211	
1	2.28507	1.59457	5.05188	
1	2.3643	1.08534	4.77657	
1	0.684771	2.00916	2.55237	
1	0.0204389	1.14175	2.66901	
1	1.92689	0.948136	6.17845	
1	1.34776	2.15843	5.16607	
1	0.281805	1.69766	3.89073	
1	1.90996	0.945088	1.30948	
1	-1.26991	0.6597	2.56891	
1	2.00779	2.11626	5.44205	
1	3.20147	2.01129	5.15732	
1	0.923327	1.69356	4.25564	
1	1.87395	1.59501	3.72464	
1	2.45139	2.06825	0.486888	
1	1.93521	1.53968	5.79423	
1	2.17673	1.55361	4.38406	
1	0.804338	1.89343	0.644785	
1	1.79353	1.85705	2.61196	
1	1.20706	1.06119	1.10676	
1	2.56566	2.42942	5.83806	
1	1.86194	2.4864	0.607955	
