2	2.32168	0.460354	5.51495	
2	1.39146	1.23095	1.79106	
2	1.53218	1.87223	5.90364	
2	1.76364	1.30397	2.71303	
2	1.79943	1.26566	4.82927	
2	1.19894	1.14967	3.13314	
2	0.805703	2.64098	0.61879	
2	1.94632	2.53896	2.49998	
2	2.49466	0.857654	6.90928	
2	1.66904	1.10709	0.737313	
2	1.99759	1.99081	1.97888	
2	0.151155	2.17063	0.396824	
2	2.48075	1.11934	1.82645	
2	2.49986	1.98123	4.89339	
#ITERATION
18000
#type theta	psi	phi
1	0.731407	2.07298	6.01916	
1	0.944805	1.71665	3.40166	
1	0.386174	3.78686	7.00437	
1	3.49462	1.49806	5.79275	
1	0.827093	2.08372	1.84648	
1	-0.549693	0.708601	3.71783	
1	2.16425	1.54324	5.17417	
1	2.36102	1.00399	4.78454	
1	0.678957	1.94545	2.68147	
1	0.0152178	1.1893	3.22605	
1	1.85653	0.994584	6.25603	
1	1.20981	2.09591	5.26583	
1	0.369295	1.6855	3.60072	
1	1.92302	0.924246	1.23379	
1	-1.30729	0.662857	2.74172	
1	1.99404	2.0983	5.37845	
1	3.13917	1.9747	5.35253	
1	0.879256	1.74126	4.21587	
1	1.84398	1.674	3.76038	
1	2.45349	2.02221	0.548759	
1	1.89845	1.51638	5.8226	
1	2.17457	1.50216	4.39441	
1	0.572446	1.93509	0.691185	
1	1.82126	1.84226	2.69026	
1	1.1421	1.05993	1.10287	
1	2.37521	2.53463	5.77393	
1	1.82925	2.40771	0.573244	
1	2.42875	1.73129	3.80041	
1	2.24815	1.48273	2.30966	
1	1.8228	1.11287	3.4486	
1	1.79802	1.05114	4.14538	
1	1.93307	2.01387	-0.142774	
1	1.81236	1.94915	4.74851	
1	0.732039	2.62838	2.75319	
1	1.76937	1.84009	0.610949	
1	1.61369	1.64443	3.23091	
1	1.93055	2.51368	4.7948	
1	2.52269	2.09217	2.97789	
1	2.20339	1.6057	3.11436	
1	1.98538	2.10163	4.15237	
1	1.34832	2.41132	-0.191214	
1	3.44426	1.52173	3.73114	
1	1.19969	1.99814	0.272994	
1	1.31683	2.00117	1.16059	
1	2.55331	0.514087	1.39342	
1	2.33248	0.566298	3.7818	
1	-1.23625	1.27069	2.80434	
1	0.957598	1.59626	1.28811	
1	1.58002	1.4926	0.0366946	
1	1.59634	1.49263	5.23478	
1	2.54913	2.38882	1.51408	
1	1.29246	1.38105	3.73781	
1	2.19338	1.51813	0.153353	
1	-1.17494	3.19566	0.106976	
1	1.03398	1.52711	2.17299	
1	1.46453	2.59152	3.79542	
1	1.92268	2.16129	3.34667	
1	-0.313658	1.62331	2.70944	
1	1.94538	1.96967	1.20691	
1	0.455917	1.65039	1.78852	
2	1.19644	0.690498	3.95088	
2	1.84689	1.0141	1.97313	
2	0.650739	1.9272	4.85944	
2	1.25392	1.61311	2.77142	
2	2.78843	1.46829	4.69573	
2	1.05313	1.03108	5.25973	
2	0.751349	2.26565	3.72814	
2	0.590625	1.06867	5.93491	
2	2.47813	1.20429	-0.48209	
2	1.19433	2.11578	2.91918	
2	1.85188	1.03299	5.4517	
2	1.34509	2.14208	2.25105	
2	1.15454	1.16612	4.45342	
2	1.54688	0.648061	4.84971	
2	1.28656	2.19342	4.33413	
2	1.29792	1.64432	4.81809	
2	0.622098	0.684149	2.92554	
2	-0.627224	2.56569	2.1016	
2	2.46816	1.17812	3.60964	
2	1.17601	1.5695	0.682349	
2	3.16145	0.984195	4.20827	
2	0.825755	1.54368	0.0383854	
2	1.51016	0.596994	6.91491	
2	0.727031	1.30186	2.9439	
