2	0.619227	1.95299	4.75179	
2	1.19623	1.62911	2.6986	
2	2.7469	1.55493	4.84332	
2	1.26462	1.1639	5.21642	
2	0.749445	2.09355	3.68634	
2	0.771174	1.04093	5.83228	
2	2.50621	1.18641	-0.509235	
2	1.21343	2.09566	3.17963	
2	1.77657	1.02866	5.48348	
2	1.31508	2.16264	2.3068	
2	1.20983	1.01499	4.48908	
2	1.80999	0.630691	4.76584	
2	1.26538	2.17994	4.53642	
2	1.23213	1.55717	4.83417	
2	0.49076	0.620196	2.87305	
2	-0.677981	2.56288	1.44721	
2	2.49641	1.2384	3.79825	
2	1.09972	1.57258	0.746653	
2	3.09814	0.927069	4.07237	
2	0.925685	1.66057	0.0281795	
2	1.75824	0.634969	6.69749	
2	0.598426	1.30536	2.88007	
2	1.16678	1.11055	2.31938	
2	0.6447	1.3855	4.8426	
2	0.885082	1.53864	5.60493	
2	2.94934	-0.0379528	3.91623	
2	2.15225	1.62903	1.07427	
2	1.52468	1.79463	1.75826	
2	1.50138	-0.652376	-0.365103	
2	1.48555	0.616597	1.65124	
2	0.646139	1.26865	0.538831	
2	1.52418	1.53408	4.37401	
2	0.739083	1.11089	1.70978	
2	2.34088	1.01178	2.83539	
2	1.62954	1.44656	1.19653	
2	1.38465	1.86871	3.71317	
2	1.52344	2.53006	1.63326	
2	2.01237	1.51912	1.67691	
2	2.47541	1.86092	5.9287	
2	2.54381	1.92606	1.69618	
2	0.705157	0.597858	4.97034	
2	1.18638	1.06608	6.60809	
2	0.643619	1.2075	3.90794	
2	1.60391	1.56119	2.24735	
2	2.40363	0.637435	5.85543	
2	1.4163	1.20348	1.74128	
2	1.33047	1.95204	5.92344	
2	1.72895	1.22201	2.74023	
2	1.79397	1.3389	4.84191	
2	1.13166	1.15081	3.20385	
2	0.653715	2.51976	0.746358	
2	1.94605	2.48611	2.7282	
2	2.36342	1.09381	6.79231	
2	1.74396	1.26476	0.608751	
2	1.99405	2.04766	2.1152	
2	-0.0144074	2.22314	0.071676	
2	2.57382	1.21041	1.8617	
2	2.35898	2.05372	5.04957	
#ITERATION
20000
#type theta	psi	phi
1	0.81332	2.13996	5.87297	
1	1.02305	1.58387	3.27584	
1	0.552926	3.74233	7.05475	
1	3.35218	1.50286	5.80624	
1	0.852207	2.15788	1.66351	
1	-0.511933	0.663338	4.13416	
1	2.04473	1.64045	5.1249	
1	2.35593	0.848328	4.75134	
1	0.760413	1.94185	2.78357	
1	0.0108368	1.14255	2.79587	
1	1.88161	0.873979	6.24324	
1	1.21356	2.08894	5.28947	
1	0.41268	1.59826	3.67957	
1	1.86306	1.01376	1.30617	
1	-1.01645	0.669297	2.66927	
1	1.83443	2.13438	5.46199	
1	3.10092	2.06124	5.67828	
1	0.906993	1.58603	3.95471	
1	1.96125	1.53791	3.83374	
1	2.35784	2.08673	0.704586	
1	1.89839	1.56514	5.77729	
1	2.12523	1.51855	4.51798	
1	0.713869	1.88518	0.576196	
1	1.85682	1.85232	2.76073	
1	1.19876	1.02508	0.922184	
1	2.52391	2.52172	5.90829	
1	1.74913	2.46795	0.709189	
1	2.56241	1.89188	4.02799	
1	2.25105	1.50214	2.45176	
1	1.91132	1.07928	3.47506	
1	1.9626	1.03961	4.17608	
1	1.89392	2.14111	0.0412021	
1	1.68877	1.95054	4.82037	
1	0.722041	2.59048	2.57365	
1	1.71415	1.79547	0.57909	
1	1.54184	1.56935	3.23754	
1	1.81599	2.5592	4.79014	
1	2.53785	2.09065	2.86281	
1	2.35164	1.58582	3.2812	
1	1.98779	2.05508	4.182	
