1	1.42611	2.57348	-0.296759	
1	3.56112	1.59849	3.68483	
1	1.28303	2.07667	0.227776	
1	1.30778	2.12233	1.09447	
1	2.4201	0.584373	1.67744	
1	2.28455	0.583139	3.62484	
1	-1.36202	1.30604	2.70025	
1	0.931953	1.62022	1.28794	
1	1.64261	1.52676	0.0233184	
1	1.4885	1.63149	5.3316	
1	2.57518	2.41173	1.83298	
1	1.38857	1.26953	3.7446	
1	2.20071	1.49813	0.156815	
1	-1.32543	3.19833	0.0757954	
1	0.96877	1.58495	2.08942	
1	1.62303	2.5222	3.70364	
1	1.94045	2.0012	3.42549	
1	-0.308549	1.64525	2.76082	
1	1.97977	2.10467	1.33961	
1	0.370307	1.7839	1.77736	
2	1.13823	0.582742	3.63465	
2	1.95673	1.04762	2.10538	
2	0.621758	1.95717	4.86062	
2	1.29292	1.62791	2.66472	
2	2.64201	1.61365	4.9714	
2	1.1555	1.16141	5.22274	
2	0.632259	2.23324	3.68963	
2	0.61957	1.13213	5.8793	
2	2.4266	1.22081	-0.545115	
2	1.28444	2.16564	3.04367	
2	1.87244	1.02602	5.39654	
2	1.32618	2.08339	2.28192	
2	1.28588	1.09642	4.46239	
2	1.5949	0.524286	4.82354	
2	1.17409	2.23637	4.42645	
2	1.10586	1.68131	4.75969	
2	0.726184	0.68229	2.66021	
2	-0.606358	2.57504	1.92211	
2	2.50722	1.29665	3.96539	
2	1.20351	1.55646	0.672472	
2	3.11011	0.890381	3.96431	
2	1.02578	1.59225	-0.10616	
2	1.44937	0.604594	6.87352	
2	0.611068	1.37645	2.73864	
2	1.24934	1.10249	2.29425	
2	0.691899	1.31629	4.665	
2	0.886373	1.62738	5.43533	
2	2.82698	-0.110431	4.15994	
2	2.20389	1.57245	1.03603	
2	1.4297	1.83765	1.60025	
2	1.40814	-0.670637	-0.425561	
2	1.40288	0.642878	1.77826	
2	0.593865	1.29598	0.581539	
2	1.50979	1.63697	4.31885	
2	0.684373	1.19944	1.58915	
2	2.43153	1.07824	2.94848	
2	1.60008	1.48215	1.11987	
2	1.39347	1.92237	3.7725	
2	1.52157	2.53404	1.80115	
2	1.94952	1.45876	1.67703	
2	2.40552	1.74918	5.82098	
2	2.507	1.82162	1.69295	
2	0.537248	0.739456	4.68198	
2	1.26846	1.12312	6.47875	
2	0.740589	1.06877	3.76481	
2	1.64906	1.59558	2.18691	
2	2.46041	0.506151	5.89119	
2	1.32758	1.24554	1.56522	
2	1.46676	1.92105	5.8729	
2	1.82636	1.29906	2.76554	
2	1.70712	1.32053	4.83309	
2	1.23455	1.07309	3.08289	
2	0.782028	2.47425	0.636073	
2	1.93204	2.45646	2.7704	
2	2.49013	0.993097	6.98442	
2	1.69607	1.17307	0.606995	
2	2.00272	2.10642	2.1472	
2	0.0997106	2.17163	-0.274511	
2	2.46784	1.21538	1.68195	
2	2.34078	2.14571	4.81262	
#ITERATION
21000
#type theta	psi	phi
1	0.758548	2.05458	5.73085	
1	0.948464	1.60551	3.28153	
1	0.47714	3.84697	7.09134	
1	3.42537	1.55081	5.95223	
1	0.796096	2.07997	1.59327	
1	-0.591832	0.730144	3.70159	
1	2.12568	1.57693	5.14713	
1	2.39905	1.06856	4.61097	
1	0.665363	1.83573	2.77224	
1	0.0693779	1.16926	3.49846	
1	1.93505	1.0194	6.16449	
1	1.22555	2.09781	5.21541	
1	0.439115	1.56575	3.68777	
1	1.93567	1.06654	1.23243	
1	-1.25706	0.642557	2.67102	
1	1.99798	2.0429	5.52578	
1	3.15296	2.0196	5.81029	
1	0.990606	1.69652	4.07454	
