2	2.36808	2.0481	4.85898	
#ITERATION
22000
#type theta	psi	phi
1	0.839321	2.15189	5.78162	
1	1.03736	1.65317	3.32912	
1	0.49609	3.8508	6.98098	
1	3.39771	1.47106	5.65097	
1	0.920345	2.04877	1.62276	
1	-0.577891	0.591176	4.01413	
1	2.2224	1.46221	5.04921	
1	2.38283	0.95787	4.62664	
1	0.667929	1.94954	2.60198	
1	0.0328625	1.10454	3.85483	
1	1.8698	1.03336	6.1152	
1	1.30406	2.20131	5.12071	
1	0.48312	1.63849	3.76815	
1	1.85005	0.946249	1.21331	
1	-1.38493	0.607548	2.66513	
1	1.96774	1.96815	5.47151	
1	3.03953	1.95725	5.68414	
1	1.05072	1.65654	4.05526	
1	1.98394	1.56049	3.60594	
1	2.30554	1.97208	0.511997	
1	1.8834	1.54073	5.82952	
1	2.19321	1.62292	4.27068	
1	0.663404	1.89848	0.767261	
1	1.69358	1.99434	2.63072	
1	1.1618	1.07058	1.0461	
1	2.4735	2.40705	5.83609	
1	1.63463	2.46266	0.764185	
1	2.51281	1.8623	3.77754	
1	2.21273	1.66486	2.12286	
1	1.93429	1.00725	3.33598	
1	1.91226	1.10679	4.0115	
1	1.91791	2.05662	-0.151924	
1	1.80481	1.94829	4.77041	
1	0.635213	2.51801	2.68877	
1	1.78994	1.80434	0.669692	
1	1.67784	1.62794	3.12291	
1	1.94761	2.51827	4.84578	
1	2.52364	2.10729	2.68213	
1	2.19827	1.67538	3.03055	
1	1.97009	2.14119	4.12048	
1	1.47946	2.49065	-0.300171	
1	3.58396	1.45706	3.57324	
1	1.3138	2.0589	0.20733	
1	1.33417	2.00585	1.0384	
1	2.45971	0.585369	1.80295	
1	2.34078	0.529103	3.76593	
1	-1.29424	1.22793	2.53421	
1	0.994354	1.57918	1.32736	
1	1.52665	1.47827	0.0445998	
1	1.59513	1.53777	5.20994	
1	2.60288	2.46495	1.42185	
1	1.51108	1.35158	3.60306	
1	2.08581	1.502	0.215079	
1	-0.842414	3.2238	-0.323249	
1	0.96643	1.54639	2.07561	
1	1.4394	2.60525	3.70892	
1	2.01378	2.16376	3.3806	
1	-0.379375	1.59101	2.7372	
1	1.90832	2.09979	1.27021	
1	0.317059	1.56438	1.81418	
2	1.31279	0.624569	3.74001	
2	1.96945	1.03272	2.06751	
2	0.652233	1.98769	4.77556	
2	1.2094	1.59808	2.71531	
2	2.77456	1.47512	4.95529	
2	1.08219	1.15865	4.98947	
2	0.758178	2.1854	3.65766	
2	0.729626	0.986591	5.82966	
2	2.37417	1.19738	-0.524917	
2	1.27177	2.14742	3.09255	
2	1.90507	0.966612	5.35552	
2	1.22708	2.1718	2.2524	
2	1.32965	1.10791	4.2441	
2	1.45386	0.639786	4.67728	
2	1.26937	2.18008	4.33256	
2	1.19268	1.69682	4.78821	
2	0.72922	0.681237	2.71411	
2	-0.724021	2.60907	1.71	
2	2.50546	1.33156	3.71284	
2	1.22954	1.556	0.533503	
2	3.11516	0.941939	4.01296	
2	0.920495	1.59661	-0.0529189	
2	1.7209	0.606988	6.86724	
2	0.642966	1.31519	2.85605	
2	1.26824	1.12526	2.32402	
2	0.619709	1.44106	4.68723	
2	0.98695	1.65165	5.43866	
2	2.95101	-0.0526174	3.99485	
2	2.19888	1.46556	0.925649	
2	1.51811	1.82682	1.58636	
2	1.37773	-0.646523	-0.571702	
2	1.36107	0.700897	1.66692	
2	0.712806	1.29826	0.569524	
2	1.62464	1.6485	4.19873	
2	0.67998	1.02837	1.85854	
2	2.34131	1.15728	2.60943	
2	1.57603	1.4906	1.13672	
