2	1.41934	1.96754	3.67268	
2	1.32696	2.62722	1.62545	
2	2.0097	1.52831	1.53817	
2	2.47628	1.74184	5.91165	
2	2.52783	1.82356	1.4897	
2	0.527343	0.707194	4.35737	
2	1.16859	1.0194	6.475	
2	0.861285	1.13413	3.69975	
2	1.60116	1.55117	2.07815	
2	2.49998	0.562804	5.67302	
2	1.43741	1.2261	1.64354	
2	1.35142	1.84309	5.90808	
2	1.76314	1.30702	2.59025	
2	1.76534	1.20427	4.72658	
2	1.28441	1.01775	2.97715	
2	0.589475	2.46616	0.434365	
2	1.89957	2.55648	2.5724	
2	2.35136	0.949622	6.7942	
2	1.74096	1.23205	0.595628	
2	1.92962	2.09381	1.99633	
2	-0.00528512	2.13396	-0.445353	
2	2.55466	1.15979	1.61946	
2	2.43782	1.96626	4.89807	
#ITERATION
23000
#type theta	psi	phi
1	0.732017	2.06785	5.90213	
1	1.11288	1.64781	3.26737	
1	0.502326	3.79296	7.00807	
1	3.38688	1.56065	5.74814	
1	0.770677	2.06875	1.43464	
1	-0.446963	0.652253	3.76817	
1	2.1339	1.45541	5.10396	
1	2.2999	0.982519	4.75782	
1	0.784851	1.86892	2.76895	
1	-0.050196	1.12887	4.113	
1	1.92619	1.00321	6.05299	
1	1.19664	2.0913	5.14047	
1	0.413617	1.63771	3.51548	
1	1.9266	1.04703	1.22447	
1	-1.35575	0.588739	2.49716	
1	1.85639	2.03608	5.39268	
1	2.9517	1.99118	5.51206	
1	0.944193	1.69047	4.03298	
1	1.94233	1.61022	3.64357	
1	2.29302	2.07543	0.430958	
1	1.91259	1.52686	5.65025	
1	2.16683	1.59579	4.43117	
1	0.715967	1.87709	0.484573	
1	1.87131	1.87204	2.57029	
1	1.20188	0.99966	0.948357	
1	2.39499	2.47259	5.88428	
1	1.73599	2.50082	0.549074	
1	2.61089	1.87856	3.7922	
1	2.20443	1.53352	2.20331	
1	1.89529	1.15598	3.3458	
1	1.94524	1.07825	4.11531	
1	1.89258	1.92825	-0.198437	
1	1.71575	1.94719	4.71528	
1	0.535967	2.4716	2.32964	
1	1.74264	1.83066	0.529804	
1	1.66352	1.64014	3.09837	
1	1.81282	2.52248	4.93346	
1	2.45154	2.06725	2.46517	
1	2.22938	1.56889	2.99988	
1	1.93238	2.28622	4.07521	
1	1.51011	2.45165	-0.371832	
1	3.51205	1.49391	3.52011	
1	1.28078	1.98683	0.183405	
1	1.31134	2.06078	0.970894	
1	2.51696	0.536913	1.88945	
1	2.2937	0.541186	3.7585	
1	-1.35238	1.24244	2.60694	
1	0.994213	1.56096	1.28997	
1	1.57084	1.51042	0.0254286	
1	1.47177	1.59953	5.2264	
1	2.62858	2.48446	1.36609	
1	1.39002	1.35514	3.67959	
1	2.14962	1.49688	0.196885	
1	-0.86684	3.20899	-0.394412	
1	0.932395	1.55619	1.99128	
1	1.18804	2.62905	3.80412	
1	2.06199	2.12084	3.35916	
1	-0.380682	1.60347	2.65488	
1	1.99345	2.07983	1.11986	
1	0.345422	1.66633	1.65717	
2	1.33963	0.739725	3.60905	
2	1.99221	1.02738	1.94275	
2	0.635756	1.87956	4.88004	
2	1.32176	1.54287	2.53942	
2	2.70633	1.53422	4.86279	
2	1.1309	1.05596	5.19861	
2	0.696167	2.13138	3.72021	
2	0.665121	1.06127	5.919	
2	2.55661	1.12001	-0.41931	
2	1.34375	2.18432	3.0909	
2	1.75702	1.03345	5.27664	
2	1.34577	2.2125	2.31293	
2	1.30575	1.15123	4.26083	
2	1.63542	0.639237	4.61155	
2	1.19459	2.20778	4.36982	
