2	1.22523	1.0316	2.35413	
2	0.644526	1.36734	4.81905	
2	0.886952	1.60306	5.53025	
2	3.02058	-0.170476	3.54559	
2	2.23453	1.53975	0.922421	
2	1.41062	1.76204	1.68693	
2	1.42379	-0.541465	-0.387979	
2	1.32993	0.652209	1.63267	
2	0.549585	1.35605	0.785516	
2	1.51218	1.66445	4.29183	
2	0.640512	1.06253	1.71548	
2	2.37169	0.99501	2.66749	
2	1.54751	1.49623	1.13724	
2	1.40398	1.9772	3.69082	
2	1.60191	2.44804	1.5742	
2	2.04302	1.47628	1.57828	
2	2.53192	1.81635	5.87894	
2	2.53125	1.82692	1.76731	
2	0.544938	0.832037	4.63268	
2	1.21601	1.0695	6.65566	
2	0.780909	1.20163	3.88624	
2	1.67843	1.51292	2.20354	
2	2.34981	0.601688	5.71692	
2	1.3974	1.23513	1.68232	
2	1.4278	1.86578	5.81409	
2	1.66996	1.21317	2.73514	
2	1.70609	1.26512	4.7218	
2	1.23627	0.98412	3.19611	
2	0.732609	2.47355	0.841528	
2	1.97515	2.51352	2.69519	
2	2.31887	0.881636	6.82056	
2	1.69826	1.21165	0.750534	
2	2.04543	2.10544	2.1145	
2	-0.0650161	2.17408	0.198069	
2	2.51238	1.17168	1.51376	
2	2.50824	2.0394	4.86064	
#ITERATION
19000
#type theta	psi	phi
1	0.678041	2.09466	5.82268	
1	0.928435	1.63641	3.39338	
1	0.540451	3.89349	7.03745	
1	3.40075	1.50868	5.95265	
1	0.761103	2.08436	1.64907	
1	-0.806899	0.559673	3.86856	
1	2.19372	1.53144	5.28699	
1	2.38241	0.999834	4.72798	
1	0.668887	1.92805	2.59207	
1	-0.136274	1.03275	2.75131	
1	1.82296	1.13542	6.22069	
1	1.15515	2.04083	5.25866	
1	0.323018	1.71179	3.77503	
1	2.06181	1.03232	1.27741	
1	-1.30903	0.693227	2.71542	
1	1.87358	2.12607	5.52688	
1	3.09068	2	5.51661	
1	1.06211	1.77598	4.19028	
1	1.97172	1.61315	3.78548	
1	2.23936	2.10677	0.730283	
1	1.92158	1.62482	5.88285	
1	2.1923	1.48582	4.3587	
1	0.654357	1.94935	0.77063	
1	1.86878	1.93501	2.7655	
1	1.18593	1.05294	1.09557	
1	2.56368	2.46757	5.86601	
1	1.73946	2.52975	0.566762	
1	2.52037	1.82038	3.83135	
1	2.20964	1.55634	2.34288	
1	1.76308	1.0613	3.36308	
1	1.83031	1.08058	4.08053	
1	1.8275	2.24167	-0.0492903	
1	1.74132	1.93266	4.88128	
1	0.693849	2.51284	2.68134	
1	1.6928	1.78499	0.747666	
1	1.56	1.61665	3.22543	
1	1.83762	2.5977	4.84834	
1	2.50521	2.0435	2.75551	
1	2.21701	1.52143	3.14341	
1	1.94301	2.17843	4.17919	
1	1.22227	2.53527	-0.475306	
1	3.57527	1.55614	3.79262	
1	1.1929	2.09613	0.370865	
1	1.30372	2.07102	1.14621	
1	2.51923	0.573471	1.5502	
1	2.24456	0.635862	3.63842	
1	-1.3188	1.33423	2.84753	
1	1.01927	1.53985	1.38841	
1	1.63009	1.65999	0.164933	
1	1.63882	1.59657	5.41656	
1	2.47067	2.47278	1.63458	
1	1.25757	1.35593	3.77953	
1	2.21747	1.62542	0.285661	
1	-1.43593	3.153	-0.454366	
1	1.03721	1.6494	2.05712	
1	1.56062	2.57673	3.7055	
1	2.06154	2.10722	3.38924	
1	-0.342955	1.60222	3.08685	
1	1.95917	2.07226	1.44243	
1	0.40251	1.55029	1.74013	
2	1.19357	0.661104	3.95529	
2	1.92413	0.974056	2.14737	
