1	-0.52441	0.882061	3.64147	
1	2.25678	1.47731	5.21419	
1	2.31337	0.990769	4.74392	
1	0.729721	2.05214	2.70582	
1	0.00294178	1.27508	2.43669	
1	1.98282	0.947718	6.281	
1	1.27599	2.25084	5.23874	
1	0.370352	1.68818	3.57768	
1	1.89317	0.939054	1.44661	
1	-1.09292	0.64715	2.62448	
1	2.01076	1.97732	5.51274	
1	3.13702	1.95176	4.85392	
1	0.928224	1.7334	4.07657	
1	1.83544	1.55228	3.78853	
1	2.48896	1.9531	0.562948	
1	1.91918	1.42241	5.78179	
1	2.13801	1.59387	4.46319	
1	0.812889	1.96832	0.606351	
1	1.78232	1.96595	2.72392	
1	1.14101	0.972521	1.03755	
1	2.56041	2.32327	5.85237	
1	1.89051	2.3935	0.669676	
1	2.38212	1.74903	3.76476	
1	2.18388	1.5545	2.34227	
1	1.80477	1.07001	3.52833	
1	1.80412	1.09282	4.19536	
1	2.01288	2.05438	0.0510044	
1	1.73552	1.94493	4.80048	
1	0.823934	2.6314	2.53752	
1	1.71031	1.71328	0.621793	
1	1.59922	1.61532	3.19058	
1	1.95351	2.49711	4.77104	
1	2.44059	2.09734	2.71351	
1	2.13887	1.52328	3.16412	
1	2.04685	2.10658	4.17277	
1	1.55952	2.56715	-0.419773	
1	3.3592	1.43816	3.92167	
1	1.37201	2.22535	0.227025	
1	1.32288	2.04775	1.00955	
1	2.41489	0.501443	1.73769	
1	2.26533	0.575687	3.9569	
1	-1.36462	1.33663	2.63708	
1	1.05652	1.55528	1.30027	
1	1.60497	1.47726	0.101622	
1	1.489	1.68673	5.32449	
1	2.4906	2.41698	1.50492	
1	1.28964	1.29319	3.76965	
1	2.32557	1.42776	0.264097	
1	-0.711029	3.2963	0.338406	
1	0.969068	1.59965	1.96339	
1	1.65316	2.64083	3.66002	
1	2.02666	2.15807	3.28952	
1	-0.487565	1.67566	2.90546	
1	2.0212	1.95589	1.1602	
1	0.423215	1.72106	1.70889	
2	1.19092	0.731724	3.73419	
2	1.88844	0.957912	2.19814	
2	0.566055	1.99136	4.78477	
2	1.11444	1.69452	2.75545	
2	2.69871	1.4627	4.5533	
2	1.12845	1.16596	5.17519	
2	0.792049	2.25422	3.61381	
2	0.732405	1.16868	5.80568	
2	2.42374	0.993319	-0.569934	
2	1.31857	2.16883	3.05281	
2	1.76375	1.02364	5.3859	
2	1.31117	2.07823	2.26538	
2	1.08173	1.24378	4.42433	
2	1.64123	0.737744	4.8131	
2	1.19073	2.16764	4.3998	
2	1.1753	1.66661	4.79422	
2	0.612913	0.722204	2.83063	
2	-0.65247	2.57861	1.70111	
2	2.38331	1.14869	3.74831	
2	1.17128	1.53398	0.590218	
2	3.1024	0.926756	4.01137	
2	1.08339	1.61538	-0.0356646	
2	1.67563	0.564649	6.81237	
2	0.635329	1.37975	2.76735	
2	1.16329	1.16736	2.49177	
2	0.596278	1.40034	4.78842	
2	0.954205	1.66235	5.48177	
2	3.07876	-0.174398	3.50967	
2	2.23011	1.3966	0.975853	
2	1.4494	1.84761	1.66271	
2	1.64245	-0.657493	-0.206484	
2	1.208	0.64154	1.81485	
2	0.594357	1.42238	0.756103	
2	1.53402	1.58013	4.31282	
2	0.732516	1.0496	1.70174	
2	2.32731	0.964772	2.8907	
2	1.59764	1.44963	1.17438	
2	1.42372	1.95545	3.80795	
2	1.50851	2.48233	1.53642	
2	1.96855	1.49388	1.74583	
2	2.55327	1.71182	5.8645	
2	2.53247	1.70508	1.68229	
2	0.421317	0.789623	4.97484	
2	1.23358	1.07035	6.39088	
2	0.695839	1.14409	3.70885	
2	1.55496	1.59502	2.29412	
