1	1.93772	1.57401	3.83443	
1	2.41966	2.06559	0.649081	
1	1.99666	1.4598	5.79829	
1	2.07322	1.51204	4.44361	
1	0.733225	1.88686	0.735057	
1	1.85609	1.88916	2.67533	
1	1.17749	1.04078	1.00028	
1	2.49077	2.46764	5.77568	
1	1.92447	2.47049	0.402482	
1	2.53172	1.88638	3.85152	
1	2.23672	1.61534	2.39519	
1	2.0185	1.02262	3.37368	
1	1.87331	1.04229	4.11629	
1	1.90021	1.98357	-0.0679078	
1	1.70913	1.96719	4.67651	
1	0.766449	2.41657	2.32781	
1	1.76823	1.75749	0.526208	
1	1.54473	1.55008	3.24566	
1	1.8148	2.49353	4.94056	
1	2.43362	2.06609	2.7647	
1	2.17966	1.51486	3.09396	
1	1.92495	2.1804	4.02708	
1	1.37669	2.4391	-0.447517	
1	3.45186	1.47201	3.38553	
1	1.23648	1.96574	0.152627	
1	1.39452	2.10151	1.01863	
1	2.53034	0.622462	1.65771	
1	2.45552	0.625379	3.72741	
1	-1.36924	1.21614	2.57845	
1	1.09688	1.55541	1.14705	
1	1.59087	1.51551	0.00822545	
1	1.48218	1.52973	5.20049	
1	2.63531	2.39716	1.63804	
1	1.35314	1.29604	3.65948	
1	2.22836	1.49508	0.259777	
1	-1.32388	3.17612	-0.334836	
1	0.975198	1.60504	2.03047	
1	1.53056	2.59243	3.68302	
1	2.0199	1.99539	3.3439	
1	-0.261647	1.71889	2.62367	
1	2.00065	2.06703	1.22165	
1	0.411301	1.65173	1.68098	
2	1.32901	0.591401	3.59351	
2	1.85525	0.998505	2.01984	
2	0.637501	1.97026	4.78006	
2	1.24821	1.5722	2.67272	
2	2.72748	1.54423	4.72561	
2	1.10587	1.0156	4.96588	
2	0.657433	2.22978	3.72131	
2	0.580823	1.17494	5.80017	
2	2.45261	1.14442	-0.714966	
2	1.19493	2.11655	2.92669	
2	1.88849	1.01645	5.37343	
2	1.43988	2.06267	2.28795	
2	1.02677	1.12528	4.20077	
2	1.63985	0.620587	4.68098	
2	1.19524	2.23326	4.40702	
2	1.14734	1.60334	4.76615	
2	0.65848	0.58518	2.50337	
2	-0.630144	2.59393	1.89783	
2	2.44274	1.32736	3.74764	
2	1.23979	1.59496	0.553075	
2	3.10916	1.02467	4.25762	
2	0.879226	1.5556	-0.068125	
2	1.65381	0.591961	6.94549	
2	0.647235	1.30489	2.62697	
2	1.21387	1.08289	2.27558	
2	0.64477	1.31842	4.74732	
2	0.971717	1.56981	5.41916	
2	3.19421	-0.0491671	4.43142	
2	2.23022	1.56806	1.00945	
2	1.35028	1.88058	1.68383	
2	1.3233	-0.613392	-0.472693	
2	1.39804	0.643942	1.69264	
2	0.633591	1.35682	0.670437	
2	1.55082	1.68093	4.2547	
2	0.755615	1.0922	1.64435	
2	2.43074	1.0694	2.44663	
2	1.63739	1.56712	1.05845	
2	1.3126	2.01861	3.60054	
2	1.65694	2.58596	1.5894	
2	2.00306	1.60463	1.619	
2	2.47668	1.87453	5.96063	
2	2.52083	1.85872	1.72083	
2	0.54868	0.675019	4.54901	
2	1.13854	1.05601	6.51043	
2	0.749207	1.0876	3.5384	
2	1.67539	1.47834	2.11251	
2	2.52462	0.597721	5.80121	
2	1.42627	1.25418	1.59287	
2	1.4545	1.84093	5.76123	
2	1.75625	1.15557	2.71243	
2	1.67265	1.2013	4.68119	
2	1.24326	0.996771	3.08986	
2	0.757869	2.49895	0.59867	
2	1.98953	2.48822	2.71709	
2	2.46115	1.0217	6.77397	
2	1.65766	1.15399	0.530896	
2	1.96661	2.05836	1.96714	
2	-0.0131811	2.18309	-0.0762702	
2	2.50241	1.31297	1.59898	
