1	2.44741	1.79023	3.61087	
1	2.21343	1.59863	2.33839	
1	1.80517	1.07901	3.32505	
1	1.86522	1.04463	4.13195	
1	1.88153	2.05814	-0.103512	
1	1.85772	1.95521	4.71849	
1	0.61676	2.65709	2.34582	
1	1.89237	1.80906	0.621991	
1	1.5142	1.58985	3.12912	
1	2.00635	2.51917	4.78658	
1	2.40646	1.9975	2.74073	
1	2.12868	1.48973	3.06971	
1	2.00116	2.12953	4.07083	
1	1.47434	2.51784	-0.53881	
1	3.45214	1.50372	3.93697	
1	1.31698	2.12628	0.300808	
1	1.36617	2.03228	0.985142	
1	2.53107	0.482244	1.54924	
1	2.13354	0.5368	3.99534	
1	-1.45154	1.25104	2.74996	
1	0.973684	1.50092	1.27923	
1	1.58947	1.45452	0.0906103	
1	1.64778	1.63936	5.23617	
1	2.42376	2.44853	1.71628	
1	1.2538	1.42869	3.79794	
1	2.17355	1.5083	0.121641	
1	-0.0842353	3.17774	-0.117397	
1	0.894638	1.60777	1.946	
1	1.5965	2.55436	3.60667	
1	1.96281	2.11099	3.22297	
1	-0.407135	1.58873	2.67678	
1	1.98385	2.04214	1.33342	
1	0.35599	1.72615	1.2985	
2	1.26151	0.737783	3.67612	
2	1.91122	1.01351	2.18445	
2	0.711999	2.01005	4.863	
2	1.19917	1.71083	2.70165	
2	2.86567	1.41486	4.68073	
2	1.18244	1.17217	5.28282	
2	0.816504	2.14308	3.77259	
2	0.628717	1.05475	5.85811	
2	2.50713	1.16686	-0.526465	
2	1.25175	2.2045	2.99916	
2	1.83111	1.04255	5.36458	
2	1.3274	2.07341	2.2076	
2	1.17606	1.22891	4.378	
2	1.6034	0.72934	4.827	
2	1.38802	2.23904	4.41043	
2	1.24825	1.70143	4.87596	
2	0.660964	0.748373	2.74413	
2	-0.766703	2.56268	1.58392	
2	2.4541	1.20337	3.78423	
2	1.31972	1.52442	0.706326	
2	2.99213	0.875402	4.04503	
2	1.03307	1.66315	-0.0427887	
2	1.5813	0.540951	6.86032	
2	0.635857	1.34951	2.68609	
2	1.19901	1.15388	2.44676	
2	0.700822	1.32996	4.81693	
2	0.858362	1.57523	5.52574	
2	3.28872	-0.147556	3.46962	
2	2.19444	1.45351	0.997789	
2	1.46192	1.88242	1.61074	
2	1.46955	-0.601279	-0.414003	
2	1.24379	0.647821	1.78141	
2	0.592224	1.26791	0.672714	
2	1.55273	1.71531	4.27672	
2	0.722169	1.04454	1.73757	
2	2.4075	0.990521	2.85988	
2	1.63223	1.5132	1.17748	
2	1.43703	1.98732	3.73276	
2	1.48868	2.5195	1.61765	
2	1.99605	1.47594	1.69253	
2	2.55169	1.83357	5.77769	
2	2.51103	1.77447	1.61728	
2	0.700435	0.735499	4.7501	
2	1.16025	1.10697	6.4381	
2	0.752272	1.25008	3.763	
2	1.56094	1.53017	2.07599	
2	2.33236	0.523145	5.55222	
2	1.42637	1.20028	1.66883	
2	1.36539	1.84177	5.75379	
2	1.71682	1.2682	2.7307	
2	1.64146	1.23497	4.79406	
2	1.20156	1.10419	3.05844	
2	0.711428	2.51487	0.338425	
2	1.87664	2.4709	2.52367	
2	2.45765	0.963664	6.9514	
2	1.79882	1.20159	0.58715	
2	1.9518	1.99159	2.02552	
2	0.0605926	2.18788	0.0371174	
2	2.54463	1.13417	1.89929	
2	2.57494	2.01275	4.63424	
#ITERATION
17000
#type theta	psi	phi
1	0.822605	2.14879	5.96507	
1	0.996234	1.74575	3.36738	
1	0.478534	3.80063	6.74426	
1	3.60252	1.54595	5.99331	
1	0.91584	2.17032	1.65377	
