1	0.696488	2.06388	5.86457	
1	0.954974	1.56262	3.33441	
1	0.562207	3.74727	6.569	
1	3.48131	1.62777	5.99301	
1	0.745664	2.07329	1.73109	
1	-0.641945	0.62176	3.89362	
1	2.3133	1.58855	5.15406	
1	2.48473	1.06329	4.9581	
1	0.639329	1.91227	2.78346	
1	0.0511921	1.01906	2.62676	
1	1.92499	1.10302	6.23385	
1	1.16966	2.09505	5.20541	
1	0.416947	1.54978	3.58626	
1	1.92003	1.18291	1.14503	
1	-1.29926	0.598852	2.67201	
1	1.9336	1.96894	5.37036	
1	3.18032	2.10827	4.33741	
1	1.03533	1.52039	4.23824	
1	1.8672	1.63189	3.82595	
1	2.3819	2.07558	0.589735	
1	1.85599	1.54923	5.84806	
1	2.18098	1.57564	4.40792	
1	0.588643	1.82329	0.590656	
1	1.74988	1.80772	2.76253	
1	1.2458	1.04085	0.98103	
1	2.58436	2.53422	5.98528	
1	1.7873	2.48802	0.494041	
1	2.49347	1.94743	3.77552	
1	2.1024	1.47992	2.42151	
1	1.95911	1.05642	3.38316	
1	2.0159	0.942514	4.21703	
1	1.96072	2.13326	-0.15435	
1	1.79387	1.88651	4.76408	
1	0.573694	2.46122	2.7393	
1	1.73543	1.92838	0.531967	
1	1.61813	1.58985	3.2698	
1	1.71517	2.53442	4.80575	
1	2.45149	2.01595	2.64727	
1	2.24174	1.59264	3.14002	
1	1.94246	2.20707	4.16555	
1	1.58808	2.49244	-0.520807	
1	3.47986	1.63961	3.66853	
1	1.31056	2.08438	0.134608	
1	1.17778	2.07846	0.936892	
1	2.42239	0.551035	1.57228	
1	2.66937	0.683694	3.64059	
1	-1.36939	1.24024	2.78922	
1	0.902096	1.53399	1.22591	
1	1.44771	1.57403	0.086844	
1	1.58812	1.54271	5.32231	
1	2.46041	2.54331	1.62341	
1	1.37485	1.15066	3.77276	
1	2.12286	1.59068	0.206705	
1	-1.45672	3.18495	-0.803856	
1	1.04303	1.63687	1.99549	
1	1.39262	2.56038	3.74716	
1	1.80986	2.15454	3.40933	
1	-0.299843	1.55294	2.77681	
1	1.94883	2.15529	1.23342	
1	0.362199	1.55889	1.60528	
2	1.4533	0.556054	3.71359	
2	1.95884	1.01625	1.99428	
2	0.574278	1.93796	4.69954	
2	1.28457	1.58242	2.59814	
2	2.85685	1.66091	4.91665	
2	1.17348	1.00468	5.14887	
2	0.775552	2.1377	3.66343	
2	0.704341	0.980419	5.87782	
2	2.4545	1.19486	-0.381931	
2	1.21753	2.0067	3.07583	
2	1.98671	1.06951	5.41722	
2	1.23433	2.13747	2.34998	
2	1.25585	1.03867	4.4885	
2	1.72837	0.637505	4.86713	
2	1.1847	1.99236	4.5238	
2	1.33527	1.52961	4.84292	
2	0.76163	0.527402	2.63515	
2	-0.66969	2.51776	1.64553	
2	2.55307	1.26766	3.7561	
2	1.15652	1.59079	0.56956	
2	3.14152	1.13755	3.9306	
2	0.905238	1.52052	-0.0229059	
2	1.8137	0.704714	6.69386	
2	0.702211	1.27213	2.6744	
2	1.3044	1.08172	2.25129	
2	0.648248	1.2919	4.85614	
2	0.953931	1.60146	5.44946	
2	2.31229	0.0365412	3.5493	
2	2.23829	1.60012	0.923947	
2	1.3914	1.99594	1.67158	
2	1.28865	-0.605758	-0.538103	
2	1.42905	0.652307	1.5533	
2	0.629103	1.24124	0.588209	
2	1.53427	1.54716	4.35339	
2	0.787512	1.06435	1.71625	
2	2.45441	1.05513	2.67758	
2	1.49277	1.5955	1.06658	
2	1.31697	1.73788	3.79695	
2	1.43516	2.54345	1.70752	
2	1.97356	1.58031	1.72167	
2	2.49749	1.87344	5.78727	
