2	2.21488	1.3878	0.975658	
2	1.40768	1.91254	1.6201	
2	1.39156	-0.728665	-0.446553	
2	1.235	0.622577	1.64144	
2	0.682212	1.33427	0.665576	
2	1.52364	1.6428	4.31133	
2	0.744352	1.07547	1.67772	
2	2.42901	1.03462	2.79158	
2	1.61875	1.55149	1.08665	
2	1.34311	1.97795	3.64402	
2	1.44552	2.56876	1.62463	
2	2.00435	1.55333	1.59238	
2	2.55746	1.83141	5.6352	
2	2.57827	1.80349	1.65026	
2	0.510014	0.682203	4.90539	
2	1.22876	1.11528	6.43859	
2	0.673015	1.12804	3.7622	
2	1.60578	1.63967	2.11759	
2	2.30742	0.611503	5.57463	
2	1.27738	1.29834	1.73191	
2	1.45368	1.83363	5.86955	
2	1.73096	1.32162	2.65849	
2	1.6629	1.30759	4.81052	
2	1.11034	1.0812	3.16153	
2	0.758809	2.55102	0.47126	
2	1.86584	2.55434	2.81176	
2	2.66653	1.00175	6.59029	
2	1.77364	1.24365	0.535334	
2	1.97423	2.04865	1.99533	
2	0.101747	2.1332	0.00673771	
2	2.5692	1.20174	1.61093	
2	2.41281	2.11015	4.76526	
#ITERATION
28000
#type theta	psi	phi
1	0.820928	1.9833	5.83358	
1	0.848675	1.64366	3.33912	
1	0.715781	3.75859	7.03702	
1	3.47068	1.54188	5.91956	
1	0.837833	2.01044	1.54987	
1	-0.646172	0.582488	3.72675	
1	2.16758	1.6356	5.18297	
1	2.25045	1.21414	4.80795	
1	0.589591	1.81284	2.42879	
1	0.0293042	1.01885	4.1909	
1	1.98576	1.09071	6.22959	
1	1.19376	2.13979	5.168	
1	0.359134	1.59273	3.7139	
1	1.91783	1.05739	1.23307	
1	-1.43154	0.569633	2.53143	
1	1.89565	2.15123	5.4702	
1	3.20614	2.10045	6.09779	
1	0.856842	1.73737	4.14823	
1	1.84966	1.48898	3.71596	
1	2.45354	2.12363	0.597867	
1	1.88386	1.53989	5.78439	
1	2.00393	1.57127	4.35945	
1	0.746424	1.8056	0.664327	
1	1.72106	1.92171	2.57512	
1	1.12734	0.947964	0.961249	
1	2.51011	2.47667	5.48417	
1	1.82456	2.46495	0.402645	
1	2.43398	1.81327	3.7571	
1	2.24144	1.64067	2.27242	
1	1.90961	1.04911	3.29056	
1	1.75914	1.08379	4.1814	
1	1.88731	2.03553	-0.110655	
1	1.68994	1.91146	4.73832	
1	0.538187	2.45146	2.51723	
1	1.85918	1.84838	0.485238	
1	1.62394	1.61383	3.22645	
1	1.69226	2.57356	4.9008	
1	2.45125	2.06873	2.8086	
1	2.19578	1.56324	3.15548	
1	1.86856	2.15302	4.06421	
1	1.32414	2.44294	-0.303549	
1	3.52293	1.63485	3.70198	
1	1.26136	1.96519	0.178209	
1	1.27135	2.09747	0.933347	
1	2.52055	0.636926	1.72237	
1	2.31757	0.608006	3.842	
1	-1.38893	1.19708	2.5809	
1	0.95516	1.52709	1.24405	
1	1.58917	1.48701	0.0510883	
1	1.58718	1.68493	5.24555	
1	2.70631	2.57911	1.69236	
1	1.28103	1.39929	3.76433	
1	2.20939	1.57958	0.0936054	
1	-2.08977	3.2872	0.189098	
1	0.94721	1.52332	2.01285	
1	1.36595	2.59079	3.86046	
1	1.84186	2.11916	3.39606	
1	-0.346855	1.48416	2.88685	
1	1.97611	2.03639	1.1411	
1	0.404922	1.44944	1.68902	
2	1.29392	0.722726	3.73606	
2	1.80941	0.995916	2.00054	
2	0.596443	1.92087	4.91091	
2	1.20514	1.53919	2.69047	
2	2.80139	1.54725	4.74094	
2	1.04738	1.01196	5.19601	
