1	2.49828	0.586284	1.853	
1	2.41792	0.668963	3.71043	
1	-1.33054	1.23835	2.6727	
1	1.07432	1.52759	1.22779	
1	1.51963	1.55905	0.103816	
1	1.56027	1.61423	5.344	
1	2.45641	2.53864	1.59429	
1	1.42875	1.38466	3.66258	
1	2.15499	1.53034	0.206178	
1	-2.26827	3.17581	-0.0807258	
1	0.980494	1.57454	2.04564	
1	1.35861	2.54204	3.78282	
1	1.88745	2.20003	3.33404	
1	-0.290236	1.51175	2.97082	
1	1.92718	2.09226	1.34378	
1	0.483303	1.57477	1.6977	
2	1.33617	0.72128	3.71662	
2	1.9737	1.06828	2.02633	
2	0.649565	1.78356	4.77705	
2	1.27805	1.59216	2.63738	
2	2.70247	1.68822	4.85952	
2	1.24112	1.05062	5.24732	
2	0.726533	2.14243	3.64352	
2	0.723422	1.04567	5.80011	
2	2.44063	1.4003	-0.519456	
2	1.23861	2.13725	3.00489	
2	1.92351	1.01837	5.38929	
2	1.37451	2.05934	2.23167	
2	1.08115	1.05844	4.38686	
2	1.55321	0.660797	4.73723	
2	1.22766	2.08224	4.43032	
2	1.17655	1.46406	4.82352	
2	0.739516	0.694841	2.67381	
2	-0.563042	2.46933	1.6171	
2	2.53599	1.25558	3.66132	
2	1.36129	1.52414	0.640011	
2	3.1545	1.06348	3.91803	
2	0.884904	1.56129	0.123589	
2	1.77399	0.553293	6.9972	
2	0.645985	1.28576	2.61129	
2	1.30208	0.97411	2.34105	
2	0.581784	1.23778	4.77491	
2	0.913287	1.51392	5.43344	
2	1.92842	0.0651453	3.32909	
2	2.24325	1.63117	1.0355	
2	1.40612	1.83227	1.6362	
2	1.44762	-0.593028	-0.478385	
2	1.28476	0.611537	1.63975	
2	0.746319	1.13121	0.631457	
2	1.53855	1.53198	4.35332	
2	0.788186	1.07646	1.76741	
2	2.3249	1.03041	2.72111	
2	1.6591	1.46677	1.15216	
2	1.43047	1.91144	3.83456	
2	1.38049	2.46752	1.66002	
2	2.01919	1.50292	1.68219	
2	2.3631	2.04919	5.78893	
2	2.5453	1.94413	1.72665	
2	0.625701	0.609025	4.48025	
2	1.2986	0.963396	6.46905	
2	0.712442	1.1649	3.76159	
2	1.62649	1.52561	2.19219	
2	2.50759	0.638975	5.66796	
2	1.44995	1.21636	1.62188	
2	1.25326	1.89735	5.9098	
2	1.78574	1.2438	2.71333	
2	1.79951	1.23551	4.84796	
2	1.287	1.09123	3.07207	
2	0.625406	2.46045	0.876698	
2	1.67636	2.56339	2.57339	
2	2.50817	1.02099	6.75136	
2	1.79978	1.13874	0.571655	
2	1.95909	2.06545	2.0601	
2	0.0129453	2.02541	0.587989	
2	2.56261	1.26864	1.43036	
2	2.45956	2.21255	4.83496	
#ITERATION
30000
#type theta	psi	phi
1	0.799258	2.09676	5.81948	
1	0.871853	1.57359	3.30006	
1	0.774465	3.8617	6.85159	
1	3.46883	1.59104	5.76673	
1	0.729254	2.1382	1.82122	
1	-0.704385	0.706374	3.52652	
1	2.10165	1.64908	5.10199	
1	2.35767	1.12849	4.77055	
1	0.785687	1.90016	2.6564	
1	-0.0975168	1.06678	3.60975	
1	1.91677	0.996638	6.26416	
1	1.21309	2.13049	5.04081	
1	0.31036	1.59311	3.54818	
1	1.92496	1.0562	1.20416	
1	-1.53081	0.591991	2.75652	
1	1.91943	2.03194	5.47757	
1	3.14636	2.1732	4.82996	
1	0.893534	1.5464	4.05011	
1	1.90222	1.64004	3.80982	
1	2.4321	2.08856	0.635625	
1	1.98477	1.54397	5.84363	
1	2.10007	1.66402	4.39111	
