1	-1.38575	3.2373	-0.300113	
1	0.966349	1.62869	1.96724	
1	1.21632	2.5406	3.76728	
1	1.93308	2.13629	3.27222	
1	-0.357259	1.54325	2.93948	
1	2.00582	2.07904	1.12481	
1	0.421889	1.58428	1.90135	
2	1.342	0.648722	3.47107	
2	1.97769	1.10328	1.96175	
2	0.624035	1.93503	4.70603	
2	1.24306	1.60986	2.64217	
2	2.70845	1.59848	4.73676	
2	1.20279	1.01311	4.98881	
2	0.722562	2.08616	3.68713	
2	0.659977	1.04832	5.8944	
2	2.45805	1.19622	-0.6094	
2	1.16885	2.20579	3.02093	
2	1.80906	0.979285	5.38304	
2	1.3552	2.22065	2.23595	
2	1.10306	1.1699	4.38721	
2	1.54976	0.670916	4.49384	
2	1.17459	2.11051	4.3408	
2	1.19195	1.6155	4.7114	
2	0.699593	0.684373	2.44117	
2	-0.677393	2.50013	1.79375	
2	2.45467	1.27413	3.72977	
2	1.2311	1.57607	0.555174	
2	3.03906	1.04084	4.07725	
2	0.903046	1.55539	-0.0126668	
2	1.89549	0.535976	6.94844	
2	0.734381	1.30609	2.78258	
2	1.20361	1.12902	2.31295	
2	0.596801	1.25638	4.76557	
2	0.995875	1.43656	5.30472	
2	3.04647	-0.0817514	3.80845	
2	2.20007	1.48174	0.845982	
2	1.40889	1.91874	1.63735	
2	1.32262	-0.677731	-0.595064	
2	1.47761	0.629768	1.65684	
2	0.653609	1.26501	0.827321	
2	1.54393	1.67042	4.24366	
2	0.797003	1.04671	1.70144	
2	2.37156	1.07333	2.73848	
2	1.6296	1.4623	1.04516	
2	1.44721	1.92932	3.6526	
2	1.35676	2.45743	1.36946	
2	1.94016	1.63232	1.55195	
2	2.4226	1.7943	5.6534	
2	2.49806	1.82902	1.47374	
2	0.616703	0.681405	4.81514	
2	1.1991	0.972193	6.55842	
2	0.680896	1.00389	3.68274	
2	1.53297	1.69445	2.07084	
2	2.58107	0.559749	5.66335	
2	1.49306	1.2861	1.59313	
2	1.31897	1.82532	5.72924	
2	1.80801	1.23875	2.58004	
2	1.68778	1.26979	4.72025	
2	1.25701	1.05671	2.96802	
2	0.636855	2.46015	0.505712	
2	1.90072	2.52712	2.58485	
2	2.4052	1.0134	6.89069	
2	1.75555	1.14004	0.52917	
2	2.00243	2.18021	1.87296	
2	0.00487046	2.01845	0.068589	
2	2.54046	1.26255	1.75916	
2	2.4821	2.21523	4.58455	
#ITERATION
25000
#type theta	psi	phi
1	0.740109	2.04626	5.90117	
1	0.931935	1.71205	3.19083	
1	0.551729	3.7007	6.90408	
1	3.46538	1.53317	6.21893	
1	0.802919	2.20162	1.61898	
1	-0.652957	0.666606	3.88907	
1	2.1514	1.56017	5.11395	
1	2.2814	0.980879	4.73072	
1	0.612994	2.03956	2.5714	
1	-0.0847268	1.09397	4.22669	
1	1.94976	1.05454	6.13402	
1	1.14471	2.06311	5.11593	
1	0.265783	1.67625	3.6917	
1	1.95391	1.0058	1.19392	
1	-1.30484	0.623494	2.5594	
1	1.85405	2.08071	5.28962	
1	3.17336	2.11955	6.42855	
1	0.909162	1.7036	3.95478	
1	1.83789	1.56357	3.69298	
1	2.46368	1.96131	0.467392	
1	1.90739	1.63049	5.62148	
1	2.03323	1.5525	4.41407	
1	0.766452	1.90249	0.640858	
1	1.70543	1.94861	2.55644	
1	1.27231	1.0286	1.01344	
1	2.44615	2.46696	5.71507	
1	1.74071	2.37341	0.487775	
1	2.40088	1.83854	3.8005	
1	2.31659	1.53436	2.31686	
1	1.78927	1.12184	3.353	
1	1.82607	1.06754	4.19602	
