2	1.21438	1.53283	4.67853	
2	0.509376	0.758594	2.91587	
2	-0.690444	2.50847	1.99556	
2	2.46973	1.29685	3.77276	
2	1.22228	1.58588	0.604356	
2	2.99401	1.00187	4.34482	
2	1.00218	1.52419	-0.123583	
2	1.66667	0.586395	6.84022	
2	0.648212	1.29825	2.54597	
2	1.26984	1.05466	2.14236	
2	0.663755	1.3403	4.6224	
2	0.935326	1.57073	5.41058	
2	3.00852	-0.0523119	3.9512	
2	2.16544	1.55415	0.944489	
2	1.39521	1.9186	1.66182	
2	1.48001	-0.628048	-0.352334	
2	1.33367	0.62566	1.67175	
2	0.72881	1.27792	0.530206	
2	1.62845	1.68915	4.20768	
2	0.70485	1.09089	1.49743	
2	2.42252	0.946471	2.7951	
2	1.62495	1.63202	1.11341	
2	1.3749	1.98075	3.74258	
2	1.4239	2.47701	1.52562	
2	2.0037	1.56391	1.56332	
2	2.36737	1.79913	5.65478	
2	2.51343	1.89526	1.41253	
2	0.69506	0.690317	4.6713	
2	1.22464	0.983866	6.34202	
2	0.847913	1.10407	3.75114	
2	1.60203	1.54304	2.05015	
2	2.51347	0.577392	5.82721	
2	1.46455	1.26866	1.59756	
2	1.31402	1.83862	5.78491	
2	1.77001	1.1962	2.55716	
2	1.72013	1.25566	4.68614	
2	1.15273	1.0723	3.01459	
2	0.766265	2.47974	0.537395	
2	2.02391	2.54382	2.61384	
2	2.27873	0.978312	6.82473	
2	1.68257	1.19965	0.556752	
2	2.00465	2.08836	1.9022	
2	0.0824222	2.09546	-0.507223	
2	2.55459	1.17271	1.55244	
2	2.36009	2.12546	4.7235	
#ITERATION
24000
#type theta	psi	phi
1	0.662121	2.05987	5.83122	
1	0.995763	1.71549	3.18212	
1	0.765622	3.73	6.69508	
1	3.45338	1.58507	5.80306	
1	0.831236	2.09225	1.64067	
1	-0.626604	0.620289	3.92495	
1	2.19167	1.55813	5.03046	
1	2.33462	0.96451	4.77581	
1	0.632979	1.96769	2.55778	
1	-0.00518667	1.05676	4.19966	
1	1.8972	0.870637	6.12861	
1	1.24155	2.00616	5.15177	
1	0.380049	1.66035	3.67797	
1	2.01036	1.00782	1.27458	
1	-1.27163	0.608485	2.52765	
1	1.9291	2.03198	5.35054	
1	3.01962	1.99874	5.86523	
1	0.911454	1.64697	4.04376	
1	1.95091	1.55607	3.53117	
1	2.41403	1.999	0.464542	
1	1.89467	1.56031	5.809	
1	2.14511	1.48329	4.37636	
1	0.677375	1.83508	0.749981	
1	1.84245	1.95079	2.59957	
1	1.27174	0.951853	1.04164	
1	2.35895	2.42898	5.7446	
1	1.81099	2.42702	0.431126	
1	2.50476	1.85115	3.67765	
1	2.16253	1.65935	2.23462	
1	1.84431	1.07623	3.28184	
1	1.77961	1.14925	4.0281	
1	1.94658	2.05462	-0.108865	
1	1.74518	1.93873	4.72684	
1	0.423337	2.58945	2.60954	
1	1.81359	1.85557	0.448616	
1	1.59133	1.6351	3.11451	
1	1.67784	2.51399	4.74697	
1	2.61989	2.12322	2.66294	
1	2.2274	1.58213	2.91582	
1	1.94258	1.9979	4.01237	
1	1.4468	2.4126	-0.419823	
1	3.53087	1.49228	3.49984	
1	1.21664	2.10037	0.101875	
1	1.32366	2.04108	0.876931	
1	2.66708	0.616497	1.99863	
1	2.24435	0.60163	3.73252	
1	-1.30645	1.1694	2.59848	
1	1.08379	1.54757	1.25152	
1	1.45896	1.53296	-0.0639055	
1	1.56757	1.47941	5.21977	
1	2.6383	2.55536	1.35632	
1	1.30954	1.37871	3.66949	
1	2.20042	1.44608	0.0595378	
