2	0.551514	2.12942	3.6991	
2	0.795571	0.976556	6.0072	
2	2.4892	1.31817	-0.449637	
2	1.14255	2.12826	2.92964	
2	1.94539	1.07292	5.4385	
2	1.21254	2.14249	2.16622	
2	1.15344	1.13973	4.46073	
2	1.6237	0.651869	4.59215	
2	1.13045	2.16155	4.34122	
2	1.18699	1.63401	4.81115	
2	0.86667	0.575821	2.71977	
2	-0.527395	2.48811	1.88678	
2	2.35063	1.20973	3.90773	
2	1.23057	1.50997	0.517152	
2	3.05733	0.951196	4.24395	
2	0.978615	1.49874	-0.0787551	
2	1.87062	0.606352	6.79701	
2	0.689941	1.23102	2.78315	
2	1.29474	1.04136	2.40825	
2	0.555329	1.3211	4.71651	
2	0.940162	1.53225	5.41096	
2	1.77394	-0.00842947	3.40316	
2	2.18834	1.55612	0.904832	
2	1.46095	1.89949	1.57591	
2	1.26131	-0.655156	-0.390638	
2	1.44855	0.551963	1.57566	
2	0.628324	1.18782	0.577817	
2	1.43582	1.58404	4.27915	
2	0.704197	0.953123	1.76825	
2	2.48213	1.03294	2.90833	
2	1.53389	1.54579	0.999514	
2	1.25184	1.9449	3.62678	
2	1.51901	2.47812	1.55526	
2	1.935	1.59024	1.57998	
2	2.44308	1.90056	5.78261	
2	2.50035	1.92366	1.59155	
2	0.545921	0.558113	4.63044	
2	1.25403	0.979813	6.53755	
2	0.72912	1.10225	3.84484	
2	1.53386	1.56662	2.0554	
2	2.53565	0.575374	5.71174	
2	1.3918	1.28122	1.59056	
2	1.34072	1.78756	5.82097	
2	1.79768	1.39227	2.54195	
2	1.65213	1.29052	4.84213	
2	1.21748	1.11173	3.20443	
2	0.685502	2.47758	0.872256	
2	1.79673	2.64196	2.71279	
2	2.54895	1.07343	6.71166	
2	1.75236	1.22809	0.557103	
2	2.02517	2.15494	2.0212	
2	0.14022	2.02662	0.0325497	
2	2.4428	1.28155	1.49672	
2	2.37498	2.05361	4.69716	
#ITERATION
29000
#type theta	psi	phi
1	0.641111	2.08631	5.72087	
1	0.996334	1.56911	3.26812	
1	0.571598	3.7539	6.84649	
1	3.45908	1.55166	5.62879	
1	0.891304	2.09598	1.78505	
1	-0.680075	0.569983	3.65193	
1	2.09684	1.6983	5.24742	
1	2.40238	1.16997	4.83559	
1	0.671542	1.86296	2.63249	
1	-0.0600287	0.999769	3.77055	
1	1.94457	0.898317	6.16316	
1	1.16364	2.03932	5.21718	
1	0.393958	1.6221	3.54087	
1	2.06221	0.976746	1.32124	
1	-1.39078	0.652108	2.62367	
1	1.7825	2.11204	5.45073	
1	3.11177	2.11242	5.36326	
1	0.954268	1.68103	4.00326	
1	2.01833	1.64337	3.7559	
1	2.43013	2.14728	0.569009	
1	1.8772	1.53125	5.87814	
1	2.21584	1.6093	4.39542	
1	0.700072	1.85725	0.693471	
1	1.90538	1.86813	2.76416	
1	1.24369	0.974165	1.03597	
1	2.48242	2.61215	5.78316	
1	1.73877	2.51352	0.665434	
1	2.59693	1.90479	3.67085	
1	2.19813	1.56432	2.29772	
1	1.93648	1.10323	3.40709	
1	1.9056	1.02304	4.16433	
1	1.88161	2.09176	0.0165846	
1	1.65736	1.81716	4.80749	
1	0.669226	2.44645	2.60495	
1	1.81732	1.79756	0.677202	
1	1.6806	1.64689	3.22609	
1	1.67024	2.50273	4.95002	
1	2.42423	2.14276	2.65865	
1	2.27836	1.5666	3.13248	
1	1.90956	2.13141	4.22342	
1	1.35229	2.44036	-0.407652	
1	3.52746	1.64277	3.52098	
1	1.19232	2.08217	0.32134	
1	1.2514	2.08583	1.07777	
