2	1.74727	1.30788	4.84147	
2	1.205	1.12788	3.15925	
2	0.788194	2.56511	0.765122	
2	1.85005	2.57148	2.48011	
2	2.49856	0.974557	6.97442	
2	1.86063	1.17105	0.554351	
2	2.02526	2.13874	1.95392	
2	0.0343925	2.13192	0.0217454	
2	2.51158	1.19614	1.73981	
2	2.359	2.14755	4.80871	
#ITERATION
27000
#type theta	psi	phi
1	0.773654	2.10661	5.98643	
1	0.975531	1.60869	3.37049	
1	0.583495	3.73748	7.03008	
1	3.44932	1.4339	6.01761	
1	0.781251	2.11599	1.59551	
1	-0.580246	0.731376	3.90758	
1	2.12671	1.64514	5.08443	
1	2.22967	1.03755	4.78829	
1	0.556443	1.95341	2.61715	
1	-0.00389199	1.07365	4.14783	
1	1.88388	0.987376	6.25225	
1	1.11704	2.15919	5.29393	
1	0.245499	1.59566	3.53502	
1	1.80089	1.0015	1.28504	
1	-1.14994	0.59795	2.86748	
1	1.87864	2.14734	5.37051	
1	3.26049	2.05122	6.44237	
1	0.932405	1.63191	4.16823	
1	1.80816	1.60008	3.7817	
1	2.46909	2.04265	0.479275	
1	1.95215	1.54669	5.81939	
1	2.1287	1.59002	4.3199	
1	0.767252	1.95235	0.607439	
1	1.80569	1.96088	2.67502	
1	1.17756	1.00024	0.935678	
1	2.4044	2.55364	5.91056	
1	1.91138	2.5642	0.627507	
1	2.46146	1.82337	3.74544	
1	2.2231	1.58748	2.34616	
1	1.78871	1.11806	3.3035	
1	1.78062	0.997704	4.18001	
1	2.00363	2.08114	-0.119329	
1	1.7488	1.89512	4.76992	
1	0.556362	2.52577	2.32127	
1	1.83845	1.82604	0.562239	
1	1.4584	1.63878	3.04874	
1	1.65023	2.49818	4.7806	
1	2.39557	2.16877	2.78957	
1	2.18712	1.59027	3.07226	
1	1.9387	2.14514	3.99587	
1	1.37023	2.49457	-0.38289	
1	3.41866	1.48062	3.56031	
1	1.38017	2.0617	0.227385	
1	1.36144	2.1573	0.980825	
1	2.55249	0.570455	1.79208	
1	2.33745	0.633651	3.64017	
1	-1.41755	1.21598	2.68909	
1	1.07035	1.63741	1.17048	
1	1.63958	1.52447	0.058821	
1	1.50589	1.62108	5.38103	
1	2.56187	2.42662	1.66957	
1	1.32167	1.26731	3.8285	
1	2.27663	1.48364	0.169923	
1	-1.67656	3.17049	0.110395	
1	0.893326	1.64445	2.04343	
1	1.33126	2.56142	3.79479	
1	1.88275	2.03259	3.32706	
1	-0.343824	1.59165	2.74148	
1	1.95508	2.05605	1.29729	
1	0.435712	1.61529	1.48397	
2	1.29243	0.613097	3.82411	
2	1.84725	1.1059	2.01163	
2	0.555943	1.9231	4.77549	
2	1.11167	1.59278	2.57427	
2	2.68658	1.49134	4.55424	
2	1.26249	1.09843	5.28905	
2	0.680995	2.07525	3.70319	
2	0.736834	1.09075	5.91155	
2	2.46164	1.29515	-0.644784	
2	1.16015	2.15412	2.99354	
2	1.87521	1.06635	5.42465	
2	1.28832	2.10356	2.2775	
2	1.14514	1.11628	4.43703	
2	1.52992	0.677296	4.85318	
2	1.16141	2.11871	4.48214	
2	1.11459	1.57077	4.86277	
2	0.848462	0.590837	2.81048	
2	-0.550666	2.52991	1.62275	
2	2.35236	1.22443	3.77204	
2	1.21261	1.58215	0.536357	
2	2.93049	0.923072	4.10323	
2	1.03415	1.63558	-0.0378719	
2	2.07913	0.670099	6.95199	
2	0.643433	1.34073	2.76216	
2	1.10529	1.09004	2.37733	
2	0.611649	1.29313	4.82142	
2	0.866928	1.56601	5.51916	
2	1.94439	-0.0311697	3.45045	
