1	-0.0113524	1.11243	4.3334	
1	1.9101	1.03675	6.19008	
1	1.13681	2.09971	5.23451	
1	0.238679	1.62596	3.22287	
1	2.02455	0.989797	1.31664	
1	-1.40692	0.646444	2.59148	
1	1.87169	2.1123	5.52769	
1	3.16458	2.05557	6.36355	
1	0.777581	1.65556	4.15663	
1	1.83064	1.60108	3.726	
1	2.55033	1.99928	0.387621	
1	1.88561	1.53749	5.82171	
1	2.11267	1.65562	4.45454	
1	0.712885	1.98357	0.730153	
1	1.83748	1.9108	2.69942	
1	1.31204	0.979157	1.00212	
1	2.51613	2.45382	5.88754	
1	1.93273	2.42228	0.54958	
1	2.43668	1.94547	3.81416	
1	2.16988	1.56466	2.32401	
1	1.90391	0.988847	3.31127	
1	1.81364	1.08871	4.14091	
1	1.99815	2.00263	-0.0211083	
1	1.68455	1.87467	4.80989	
1	0.748177	2.49466	2.42751	
1	1.84506	1.74166	0.566997	
1	1.66238	1.56764	3.14629	
1	1.86995	2.5775	4.87077	
1	2.39472	2.09367	2.61452	
1	2.24392	1.56594	3.13812	
1	1.82138	2.13519	4.1955	
1	1.38791	2.53598	-0.284412	
1	3.38988	1.49123	3.51098	
1	1.27605	2.03929	0.271459	
1	1.43376	2.06182	0.871337	
1	2.46162	0.568145	1.76834	
1	2.31261	0.554348	4.10437	
1	-1.4035	1.27401	2.70891	
1	1.10705	1.51392	1.1663	
1	1.57207	1.50597	0.059322	
1	1.56551	1.59342	5.38026	
1	2.58704	2.40159	1.61942	
1	1.30897	1.32664	3.70803	
1	2.27449	1.46591	0.159287	
1	-1.42542	3.20691	-0.378434	
1	0.996215	1.59693	1.95099	
1	1.46059	2.49285	3.70513	
1	1.97971	2.14149	3.23028	
1	-0.404739	1.65281	3.16922	
1	2.05238	2.03874	1.12821	
1	0.477282	1.63861	1.55561	
2	1.32076	0.691498	3.8543	
2	1.93715	1.03833	2.00131	
2	0.547361	1.85584	4.94704	
2	1.21303	1.48583	2.67463	
2	2.72996	1.62958	4.77645	
2	1.15283	1.05944	5.18514	
2	0.732413	2.21313	3.46788	
2	0.650346	1.11132	5.82527	
2	2.46464	1.2521	-0.583425	
2	1.33894	2.1312	3.03227	
2	1.89149	1.00924	5.42358	
2	1.22251	1.99434	2.28634	
2	1.16969	1.04741	4.45053	
2	1.66526	0.712448	4.7557	
2	1.22842	2.20307	4.42002	
2	1.08527	1.60813	4.80836	
2	0.608958	0.623293	3.10841	
2	-0.631548	2.52686	1.86475	
2	2.36114	1.2717	3.76653	
2	1.30912	1.44881	0.607574	
2	2.9435	0.915024	4.0553	
2	0.921619	1.58045	0.0527946	
2	1.70851	0.568438	6.72705	
2	0.636997	1.24329	2.73803	
2	1.1922	1.00166	2.36339	
2	0.555822	1.27065	4.78021	
2	0.93492	1.57823	5.51726	
2	2.23114	-0.0260525	3.50665	
2	2.28565	1.55569	0.89584	
2	1.51561	1.87706	1.61984	
2	1.49501	-0.579112	-0.401691	
2	1.44566	0.667655	1.71128	
2	0.704555	1.22413	0.74902	
2	1.4256	1.64481	4.35102	
2	0.788184	1.08389	1.75448	
2	2.36809	1.00792	2.71801	
2	1.67816	1.54259	1.10383	
2	1.26595	1.91925	3.84141	
2	1.47335	2.43238	1.55044	
2	2.02521	1.54981	1.60187	
2	2.44347	1.7674	5.74671	
2	2.62417	1.75445	1.7291	
2	0.697584	0.709137	4.99729	
2	1.18454	1.00471	6.47221	
2	0.759079	1.06308	3.70904	
2	1.63504	1.54194	2.17842	
2	2.43764	0.666409	5.84286	
2	1.39431	1.27015	1.64894	
2	1.35489	1.91642	5.90232	
2	1.78639	1.20795	2.69878	
