1	1.94737	2.00649	-0.205649	
1	1.65567	1.91728	4.71393	
1	0.54351	2.65669	2.16543	
1	1.86936	1.78201	0.501457	
1	1.57712	1.66215	3.1431	
1	1.63324	2.59185	4.71065	
1	2.50098	2.12667	2.56346	
1	2.23364	1.53827	3.05344	
1	1.88149	2.06175	3.87312	
1	1.54668	2.46689	-0.480165	
1	3.43946	1.50238	3.52666	
1	1.33684	2.02	0.136765	
1	1.36935	1.94948	0.943849	
1	2.60708	0.536201	1.50719	
1	2.39464	0.567718	3.90867	
1	-1.27503	1.32128	2.51992	
1	0.963925	1.61124	1.30028	
1	1.64622	1.55419	-0.0631444	
1	1.51824	1.56666	5.22976	
1	2.50647	2.48121	1.17581	
1	1.285	1.35331	3.66579	
1	2.25512	1.56278	-0.0137179	
1	-1.42906	3.31677	0.0775956	
1	0.951115	1.59227	2.03815	
1	1.30093	2.54139	3.72574	
1	1.90086	2.19318	3.18885	
1	-0.344513	1.55091	2.97542	
1	2.01851	2.03559	1.07956	
1	0.431715	1.69483	1.68497	
2	1.3567	0.553998	3.66864	
2	2.01777	1.0304	2.00713	
2	0.53488	1.98662	4.88856	
2	1.14485	1.73058	2.58587	
2	2.68332	1.59986	4.68773	
2	1.17782	1.05754	5.0284	
2	0.563357	2.23881	3.69652	
2	0.745335	1.06293	5.81778	
2	2.54609	1.23766	-0.61877	
2	1.23721	2.23297	2.88045	
2	1.81963	1.09759	5.37796	
2	1.26622	2.17545	2.15812	
2	1.16104	1.17027	4.25321	
2	1.59945	0.599756	4.74958	
2	1.18227	2.12143	4.25816	
2	1.03359	1.63792	4.68706	
2	0.641615	0.669582	2.90648	
2	-0.660064	2.56706	2.05607	
2	2.43577	1.1772	3.69762	
2	1.33778	1.56028	0.500581	
2	3.02598	0.990983	4.06263	
2	1.0356	1.55612	-0.0977212	
2	1.64104	0.60533	6.66136	
2	0.654999	1.30545	2.68452	
2	1.31926	1.14902	2.40702	
2	0.549151	1.1921	4.71564	
2	0.775954	1.51387	5.33491	
2	2.46874	-0.0286643	3.8123	
2	2.23274	1.49319	1.01054	
2	1.47299	1.8804	1.59331	
2	1.55763	-0.632662	-0.421816	
2	1.46129	0.623244	1.7115	
2	0.75154	1.24319	0.542987	
2	1.53787	1.65177	4.16951	
2	0.840144	1.05535	1.69308	
2	2.3614	0.913113	2.80525	
2	1.62254	1.49668	1.11313	
2	1.33107	1.97843	3.58021	
2	1.61598	2.47844	1.35731	
2	2.03071	1.52597	1.65732	
2	2.49281	1.91717	5.58774	
2	2.56878	1.85896	1.42872	
2	0.623864	0.678321	4.86004	
2	1.27775	1.04106	6.43855	
2	0.657206	1.17764	3.57567	
2	1.54316	1.64539	2.11258	
2	2.31317	0.624153	5.61037	
2	1.46022	1.25998	1.69849	
2	1.37694	1.93552	5.80129	
2	1.82436	1.34241	2.64664	
2	1.59661	1.28778	4.73843	
2	1.17721	1.21029	3.08389	
2	0.925395	2.44886	0.49818	
2	1.95869	2.58571	2.55088	
2	2.41801	1.00777	6.77092	
2	1.79346	1.2295	0.539892	
2	1.96665	2.02588	1.95036	
2	0.216179	2.15054	0.541292	
2	2.58932	1.19589	1.73232	
2	2.29533	2.19241	4.68121	
#ITERATION
26000
#type theta	psi	phi
1	0.742056	2.04081	5.98722	
1	0.991218	1.66345	3.27984	
1	0.507119	3.72744	6.96667	
1	3.42661	1.4805	6.27278	
1	0.892369	2.04461	1.56305	
1	-0.496011	0.702832	3.75311	
1	2.14733	1.62804	5.11179	
1	2.39737	1.15201	4.76024	
1	0.663997	1.79839	2.61994	
