1	0.787744	1.89012	0.513958	
1	1.76999	1.78771	2.6119	
1	1.23691	1.11605	0.907478	
1	2.57164	2.51204	5.88548	
1	1.6679	2.60737	0.665422	
1	2.55494	1.81549	3.7192	
1	2.20711	1.55371	2.25094	
1	2.02592	1.15145	3.39171	
1	2.02286	1.08413	4.11101	
1	1.90921	2.1672	-0.0964318	
1	1.68515	1.91368	4.69649	
1	0.856502	2.48185	2.75825	
1	1.71648	1.84028	0.55043	
1	1.59263	1.57956	3.23778	
1	1.73395	2.53806	4.7104	
1	2.29165	2.09912	2.69253	
1	2.19037	1.58504	2.96407	
1	1.76186	2.16849	4.10209	
1	1.47172	2.50488	-0.614607	
1	3.48592	1.64313	3.67114	
1	1.23968	2.19801	0.230917	
1	1.18513	2.15179	0.985861	
1	2.44978	0.595324	1.46373	
1	2.37472	0.635508	3.61944	
1	-1.40137	1.24021	2.66575	
1	0.949767	1.58762	1.19815	
1	1.47632	1.58993	0.0300723	
1	1.5205	1.57947	5.16305	
1	2.54599	2.50957	1.73113	
1	1.44143	1.24303	3.70299	
1	2.21487	1.66239	0.195917	
1	-1.7695	3.09342	-0.398226	
1	0.863377	1.42655	2.21003	
1	1.3941	2.49152	3.61493	
1	1.91693	2.05678	3.39375	
1	-0.336969	1.6187	2.85605	
1	1.88648	2.02968	1.16798	
1	0.391575	1.61881	1.3787	
2	1.27211	0.611642	3.69279	
2	1.82582	0.971888	1.97909	
2	0.609652	1.87344	4.77701	
2	1.28837	1.47771	2.68114	
2	2.70347	1.59749	4.81278	
2	1.29329	1.04594	5.13599	
2	0.686433	2.04659	3.65301	
2	0.845068	1.03464	5.77321	
2	2.50637	1.347	-0.454274	
2	1.36282	2.05601	3.09332	
2	1.9216	1.03578	5.46011	
2	1.32486	2.06269	2.34879	
2	1.18276	1.03349	4.34486	
2	1.78222	0.702376	4.68528	
2	1.15801	2.0609	4.32307	
2	1.08454	1.51814	4.71799	
2	0.496316	0.57757	2.65729	
2	-0.576524	2.51536	1.30498	
2	2.62029	1.20967	3.7997	
2	1.23029	1.53583	0.600528	
2	3.24829	1.08675	3.6892	
2	0.96766	1.54718	-0.142241	
2	1.65725	0.68268	6.87663	
2	0.721293	1.14596	2.76541	
2	1.17978	0.921606	2.2485	
2	0.531862	1.25248	4.77209	
2	0.954425	1.52018	5.38047	
2	2.46979	0.045305	3.27197	
2	2.22946	1.62335	0.975642	
2	1.33849	1.85236	1.63587	
2	1.33178	-0.556412	-0.486026	
2	1.11767	0.706226	1.48805	
2	0.68437	1.31987	0.561587	
2	1.44188	1.53022	4.19866	
2	0.720575	1.12248	1.47012	
2	2.52999	1.01179	2.49944	
2	1.57281	1.53704	1.09214	
2	1.31094	1.89943	3.71274	
2	1.37657	2.44732	1.64043	
2	1.83598	1.58292	1.6255	
2	2.49937	1.93906	5.86594	
2	2.47572	1.85996	1.66038	
2	0.763835	0.5498	4.85631	
2	1.251	1.05017	6.34679	
2	0.78458	1.04634	3.68774	
2	1.51664	1.42686	2.13103	
2	2.62723	0.639207	5.85329	
2	1.35713	1.24573	1.51567	
2	1.41996	1.8279	5.73819	
2	1.76161	1.16456	2.63666	
2	1.71638	1.27552	4.68661	
2	1.35589	1.07673	3.09806	
2	0.535027	2.58053	0.534364	
2	1.78593	2.52833	2.61931	
2	2.37766	1.05028	6.82759	
2	1.76468	1.28692	0.559125	
2	1.93113	2.13186	2.05631	
2	-0.0288794	2.11588	0.62268	
2	2.46725	1.24558	1.50501	
2	2.33776	2.14998	4.85562	
#ITERATION
31000
#type theta	psi	phi
