2	0.595725	1.13963	0.580288	
2	1.60097	1.55653	4.16781	
2	0.666311	0.943808	1.68323	
2	2.4736	1.1596	2.70491	
2	1.57212	1.49574	1.08018	
2	1.51781	1.88995	3.63856	
2	1.21392	2.46107	1.51536	
2	1.91559	1.60133	1.54636	
2	2.50604	1.85849	5.88342	
2	2.34309	1.99333	1.49262	
2	0.644835	0.609617	4.43675	
2	1.15315	0.981837	6.39213	
2	0.760994	1.16235	3.74087	
2	1.6201	1.58616	2.0789	
2	2.56756	0.600922	5.80286	
2	1.43425	1.14281	1.60028	
2	1.33266	1.89665	5.82705	
2	1.81593	1.37073	2.6337	
2	1.78381	1.32809	4.81252	
2	1.39126	0.975145	2.96702	
2	0.647466	2.50723	0.399706	
2	1.71958	2.5335	2.40164	
2	2.46849	1.07468	6.88972	
2	1.71221	1.14936	0.512711	
2	1.79745	2.13696	1.79204	
2	0.127389	2.03108	0.683924	
2	2.46829	1.32085	1.59777	
2	2.26673	2.22204	4.73112	
#ITERATION
37000
#type theta	psi	phi
1	0.730218	2.04336	5.73453	
1	1.03776	1.47111	3.18583	
1	0.657693	3.7714	6.83129	
1	3.4375	1.49565	5.66412	
1	0.699189	2.08762	1.70075	
1	-0.550131	0.671405	3.64891	
1	2.16442	1.68548	5.13305	
1	2.38134	1.18466	4.75986	
1	0.613203	1.93758	2.8819	
1	0.0475509	1.04349	3.76474	
1	1.8683	1.03705	6.03878	
1	1.15182	2.07108	5.12812	
1	0.514744	1.53644	3.70139	
1	1.98298	0.993523	1.0438	
1	-1.45419	0.616051	2.60758	
1	1.83713	2.1846	5.49755	
1	3.25517	2.16986	4.90774	
1	1.08036	1.49414	4.01476	
1	1.94249	1.59816	3.68007	
1	2.30519	2.14163	0.58237	
1	1.93184	1.60422	5.77144	
1	2.26991	1.74154	4.39433	
1	0.568044	1.84926	0.48595	
1	1.77224	1.83191	2.57481	
1	1.225	1.07044	0.903671	
1	2.55978	2.56214	5.68528	
1	1.67371	2.54774	0.585082	
1	2.5508	1.92068	3.67108	
1	2.21558	1.55377	2.15417	
1	1.9476	1.13661	3.21775	
1	1.98734	1.2057	4.11742	
1	1.82221	2.13166	-0.0104396	
1	1.73931	1.9069	4.75777	
1	0.578128	2.52924	2.66634	
1	1.70531	1.73073	0.473707	
1	1.64649	1.57781	3.09423	
1	1.77042	2.44492	4.7556	
1	2.45434	2.12508	2.64098	
1	2.23946	1.64104	2.99113	
1	1.89521	2.14692	4.09182	
1	1.24403	2.51429	-0.51099	
1	3.51979	1.54793	3.66005	
1	1.15244	2.07617	0.0877779	
1	1.25341	2.04041	0.836938	
1	2.60322	0.643734	1.51533	
1	2.42358	0.610559	3.82435	
1	-1.27978	1.24653	2.63644	
1	0.903081	1.60276	1.22683	
1	1.55099	1.52171	-0.0409478	
1	1.479	1.58419	5.27528	
1	2.17558	2.59702	1.49066	
1	1.43186	1.24661	3.6142	
1	2.15128	1.53094	0.108645	
1	-1.27229	3.20081	0.0276706	
1	0.971989	1.56209	1.96049	
1	1.41204	2.5118	3.61656	
1	1.8837	2.0519	3.33567	
1	-0.322139	1.52581	2.77043	
1	1.86896	2.05181	1.09264	
1	0.346165	1.59031	1.9275	
2	1.53966	0.684832	3.77985	
2	1.96865	0.928559	1.96899	
2	0.648706	1.85099	4.58642	
2	1.18921	1.64799	2.59136	
2	2.85786	1.72333	4.93091	
2	1.31387	1.02473	5.16249	
2	0.795787	1.97161	3.79368	
2	0.728721	1.00724	5.56219	
2	2.44179	1.27202	-0.538535	
2	1.19344	2.04411	3.04545	
