2	1.14639	1.64034	0.527734	
2	3.09508	1.10365	4.46762	
2	1.04892	1.55239	-0.0538431	
2	1.79857	0.624791	6.94296	
2	0.540025	1.28246	2.79264	
2	1.27688	1.0343	2.45032	
2	0.591557	1.25319	4.85181	
2	0.967019	1.54498	5.49225	
2	2.49491	0.104982	2.81153	
2	2.24704	1.42542	0.986781	
2	1.30338	1.8161	1.60527	
2	1.29813	-0.673109	-0.46438	
2	1.54463	0.613433	1.74543	
2	0.548083	1.28557	0.607004	
2	1.48133	1.6341	4.33271	
2	0.628392	1.0456	1.64083	
2	2.33995	1.12265	2.60369	
2	1.5249	1.46816	1.15662	
2	1.38411	1.92859	3.75698	
2	1.37803	2.59208	1.47927	
2	1.96144	1.55105	1.54578	
2	2.48857	1.85317	5.77439	
2	2.53592	1.88477	1.72041	
2	0.767751	0.621869	4.71198	
2	1.24388	1.07824	6.50552	
2	0.71995	1.0421	3.78388	
2	1.59733	1.6074	2.23304	
2	2.59348	0.615579	5.77712	
2	1.31204	1.184	1.73735	
2	1.36092	1.88285	5.87289	
2	1.68404	1.30297	2.83788	
2	1.73406	1.27969	4.76701	
2	1.16096	1.04732	3.16481	
2	0.583508	2.49563	0.583673	
2	1.64312	2.54622	2.57626	
2	2.54396	1.07112	6.85931	
2	1.75096	1.21326	0.641174	
2	1.80652	2.14215	1.92198	
2	-0.0973659	2.1296	0.748379	
2	2.45273	1.33537	1.73132	
2	2.34586	2.12076	4.82154	
#ITERATION
33000
#type theta	psi	phi
1	0.713047	2.05591	5.78742	
1	0.953701	1.51306	3.34838	
1	0.48232	3.73867	6.75675	
1	3.51166	1.65227	5.72383	
1	0.761671	2.09712	1.62383	
1	-0.547066	0.524475	3.87947	
1	2.24551	1.58244	5.22867	
1	2.48116	1.19921	4.6987	
1	0.564096	1.8518	2.72837	
1	-0.0138368	0.997678	2.51835	
1	1.86622	1.07644	6.16808	
1	1.21402	2.06184	5.13683	
1	0.329221	1.55777	3.86424	
1	1.94507	0.995163	1.36026	
1	-1.36766	0.65661	2.57014	
1	1.94323	2.13306	5.37526	
1	3.26325	2.18104	4.20811	
1	1.06903	1.56397	4.18269	
1	2.00303	1.59196	3.77858	
1	2.38287	2.15745	0.706669	
1	1.95094	1.54149	5.86904	
1	2.19306	1.6608	4.43324	
1	0.704791	1.84533	0.578475	
1	1.76604	1.88651	2.71989	
1	1.25739	1.00895	0.940431	
1	2.42421	2.4407	5.89112	
1	1.77622	2.5461	0.511899	
1	2.48438	1.86879	3.69394	
1	2.17433	1.57788	2.27316	
1	1.95279	1.10904	3.32662	
1	1.93706	1.07705	4.11953	
1	1.91993	2.02192	-0.0443912	
1	1.77587	1.96362	4.71412	
1	0.703458	2.42963	2.70761	
1	1.76524	1.85194	0.549254	
1	1.56295	1.64248	3.19005	
1	1.67023	2.61202	4.85109	
1	2.42629	2.11776	2.4671	
1	2.27818	1.59384	2.98781	
1	1.98058	2.20086	4.10373	
1	1.36234	2.52879	-0.468771	
1	3.5822	1.58113	3.97124	
1	1.21378	2.15619	0.263245	
1	1.19922	2.10406	0.975569	
1	2.51396	0.635878	1.85211	
1	2.43079	0.73628	3.66278	
1	-1.35642	1.27433	2.59687	
1	0.987395	1.5622	1.30211	
1	1.51113	1.59898	0.0172139	
1	1.62504	1.54645	5.28297	
1	2.25311	2.57417	1.55896	
1	1.38006	1.31494	3.67374	
1	2.14732	1.49609	0.263243	
1	-0.840056	3.10361	-0.271256	
1	0.917539	1.57611	2.02366	
1	1.40764	2.50693	3.76266	
1	1.96407	2.03609	3.30834	
