1	-0.344643	1.52833	2.50567	
1	1.79958	2.05233	1.14301	
1	0.385271	1.49801	1.5655	
2	1.57383	0.646253	3.64103	
2	1.90682	1.08118	2.05744	
2	0.70382	1.80724	4.67203	
2	1.19831	1.52123	2.74725	
2	2.89961	1.54793	4.99169	
2	1.31424	1.07999	5.1214	
2	0.818959	1.98128	3.75453	
2	0.788107	1.03246	5.81539	
2	2.43737	1.23284	-0.435522	
2	1.11909	2.02105	3.10051	
2	1.93312	1.00979	5.33557	
2	1.17414	2.11079	2.21837	
2	1.34239	1.03572	4.39332	
2	1.80398	0.604482	4.72621	
2	1.22347	2.116	4.38643	
2	1.30481	1.58533	4.76764	
2	0.779931	0.638772	2.6946	
2	-0.586768	2.42258	1.42534	
2	2.58214	1.34298	3.64386	
2	1.19923	1.52153	0.575948	
2	3.19149	0.995167	4.52067	
2	0.904127	1.54105	-0.0596331	
2	1.83209	0.614535	6.69967	
2	0.606596	1.21563	2.72294	
2	1.30303	1.05178	2.35513	
2	0.723537	1.16781	4.67665	
2	0.948289	1.66386	5.42403	
2	2.31462	0.0773904	2.53709	
2	2.12982	1.56677	0.933084	
2	1.35697	1.82375	1.65803	
2	1.37152	-0.711353	-0.381412	
2	1.49863	0.605357	1.79149	
2	0.661039	1.10464	0.444632	
2	1.64421	1.65563	4.26102	
2	0.738192	1.04312	1.64235	
2	2.38728	1.09666	2.7054	
2	1.54211	1.54555	1.07691	
2	1.38455	1.85677	3.72855	
2	1.20782	2.5815	1.49442	
2	1.8943	1.56053	1.58196	
2	2.59067	1.86645	6.10576	
2	2.38846	1.9212	1.54362	
2	0.727214	0.548306	4.47544	
2	1.22968	1.04395	6.43111	
2	0.898549	0.967215	3.74035	
2	1.51604	1.60337	2.21877	
2	2.66249	0.602964	5.50291	
2	1.34607	1.20825	1.64197	
2	1.42574	1.8514	5.73075	
2	1.80662	1.34704	2.72966	
2	1.85118	1.29999	4.72527	
2	1.32751	1.04726	3.1368	
2	0.544978	2.50418	0.547222	
2	1.62115	2.41268	2.67868	
2	2.46328	1.04622	6.92122	
2	1.78132	1.20697	0.578487	
2	1.88942	2.14247	1.98748	
2	0.0597539	1.99754	0.811383	
2	2.51092	1.22964	1.69687	
2	2.5053	2.13949	4.82936	
#ITERATION
34000
#type theta	psi	phi
1	0.724862	2.18199	5.80915	
1	0.909653	1.59529	3.29528	
1	0.659874	3.71828	6.61417	
1	3.48569	1.60836	5.75289	
1	0.813648	2.05364	1.54198	
1	-0.513254	0.613611	3.87741	
1	2.22335	1.58438	5.30572	
1	2.54114	1.05013	4.6103	
1	0.637765	1.81094	2.57649	
1	-0.0315523	1.0493	2.41008	
1	1.86662	1.07943	6.20016	
1	1.16751	2.02661	5.16465	
1	0.343505	1.55106	3.83186	
1	1.83269	0.990902	1.27213	
1	-1.3426	0.627207	2.65119	
1	1.8589	2.09595	5.52858	
1	3.1915	2.08348	4.23503	
1	0.912724	1.57004	4.04103	
1	1.93918	1.65819	3.83212	
1	2.31212	1.98812	0.57473	
1	1.88717	1.57182	5.81307	
1	2.1984	1.63424	4.50262	
1	0.611498	1.80724	0.638341	
1	1.75843	1.89955	2.46298	
1	1.13228	0.885876	1.03669	
1	2.57648	2.55181	5.99874	
1	1.75649	2.5249	0.580775	
1	2.54864	1.91936	3.66305	
1	2.22447	1.59375	2.07179	
1	1.93989	1.36335	3.29558	
1	2.05232	1.10592	4.04317	
1	1.8359	2.04619	-0.0716222	
1	1.76028	1.94903	4.85056	
1	0.571736	2.48257	2.48782	
1	1.75879	1.88748	0.491994	
