1	1.58674	1.72048	3.0962	
1	1.83414	2.48859	4.89902	
1	2.44828	2.12178	2.52683	
1	2.26895	1.6527	2.84338	
1	2.0919	2.15371	4.21222	
1	1.42786	2.58218	-0.500654	
1	3.55311	1.54321	3.84635	
1	1.17055	2.0508	0.14571	
1	1.25653	2.07216	0.849717	
1	2.44544	0.5874	1.52888	
1	2.41274	0.676195	3.58657	
1	-1.33406	1.18844	2.74164	
1	0.932174	1.51237	1.17945	
1	1.49886	1.54287	0.0647747	
1	1.51434	1.59428	5.25629	
1	2.44276	2.51143	1.51432	
1	1.40353	1.41888	3.65305	
1	2.16289	1.53446	0.218373	
1	-0.901242	3.08807	-0.713891	
1	0.946615	1.54093	2.01972	
1	1.24096	2.56643	3.61571	
1	2.02779	2.02734	3.27437	
1	-0.387121	1.59893	2.53802	
1	1.92049	2.11745	1.13661	
1	0.394643	1.55891	1.52933	
2	1.4741	0.639577	3.53482	
2	1.95342	1.03155	2.10058	
2	0.62046	1.83846	4.68235	
2	1.20279	1.61423	2.66762	
2	2.79862	1.55921	5.06789	
2	1.26963	1.01524	4.92809	
2	0.685974	2.13999	3.76662	
2	0.727399	1.01593	5.67826	
2	2.46665	1.3031	-0.366614	
2	1.2256	2.15672	2.97475	
2	1.8871	1.10885	5.45889	
2	1.11724	2.08055	2.21886	
2	1.37922	1.05823	4.15387	
2	1.80269	0.580448	4.5163	
2	1.2684	2.12505	4.3759	
2	1.26661	1.50256	4.72634	
2	0.675023	0.629485	2.87851	
2	-0.799725	2.42487	1.61588	
2	2.46181	1.37642	3.69136	
2	1.14188	1.55453	0.548728	
2	3.14919	0.967788	4.76306	
2	0.881553	1.57982	-0.0837135	
2	1.84886	0.565085	6.73002	
2	0.631578	1.25011	2.77607	
2	1.14304	1.03113	2.36572	
2	0.740246	1.25917	4.70412	
2	0.983429	1.5156	5.43223	
2	2.50092	-0.0281681	2.67185	
2	2.16152	1.47199	0.970806	
2	1.35348	1.8156	1.60801	
2	1.34397	-0.736501	-0.373914	
2	1.46509	0.640564	1.91321	
2	0.675865	1.22341	0.641608	
2	1.49336	1.59233	4.24565	
2	0.583412	1.02712	1.66231	
2	2.51046	1.0484	2.5832	
2	1.52411	1.59222	1.11343	
2	1.37395	1.99677	3.72158	
2	1.44038	2.47887	1.47042	
2	1.85008	1.60915	1.53171	
2	2.44805	1.86657	5.97948	
2	2.45149	1.9462	1.53728	
2	0.726936	0.681342	4.5552	
2	1.13242	0.953267	6.47581	
2	0.882936	1.07649	3.65977	
2	1.55996	1.57091	2.10358	
2	2.39056	0.78887	5.54433	
2	1.34115	1.20781	1.7373	
2	1.33926	1.88494	5.87399	
2	1.75609	1.36259	2.67897	
2	1.85229	1.22189	4.76014	
2	1.36777	1.09333	3.13106	
2	0.740162	2.54942	0.675803	
2	1.72187	2.48416	2.64052	
2	2.42775	0.969887	6.79714	
2	1.66095	1.14458	0.551979	
2	1.80055	2.09879	1.92304	
2	-0.00482954	2.06713	0.870264	
2	2.54656	1.23562	1.50489	
2	2.50977	2.10864	4.93641	
#ITERATION
35000
#type theta	psi	phi
1	0.703018	2.03331	5.95448	
1	1.00924	1.71255	3.32484	
1	0.438365	3.74133	6.50236	
1	3.58035	1.67844	5.72639	
1	0.726762	2.03089	1.64054	
1	-0.489759	0.57228	4.3064	
1	2.14332	1.58733	5.18146	
1	2.44051	1.08231	4.84066	
1	0.604632	1.98372	2.66392	
1	0.086738	0.977298	3.12774	
1	1.68405	0.861759	6.13882	
1	1.10453	2.15729	5.17982	
1	0.425108	1.64343	3.69193	
