1	1.68073	2.53696	0.426258	
1	2.55434	1.82697	3.58126	
1	2.16251	1.56683	2.30287	
1	1.97819	1.04414	3.29046	
1	1.81228	1.07671	3.97852	
1	1.87567	2.10083	-0.142822	
1	1.71763	1.86747	4.60854	
1	0.754154	2.55555	2.4954	
1	1.69435	1.87416	0.413837	
1	1.66433	1.5954	3.14172	
1	1.88645	2.46475	4.71784	
1	2.38352	2.12347	2.56271	
1	2.24614	1.53577	2.9603	
1	1.99625	2.11166	4.02767	
1	1.49563	2.48316	-0.658565	
1	3.48735	1.56956	3.937	
1	1.18897	2.07803	0.0737563	
1	1.14951	2.02822	0.941378	
1	2.46963	0.5573	1.43838	
1	2.62773	0.664339	3.80432	
1	-1.35321	1.23867	2.63946	
1	0.848181	1.51563	1.12949	
1	1.53574	1.57883	-0.0799967	
1	1.50722	1.57155	5.29766	
1	2.35567	2.55028	1.56049	
1	1.49916	1.35271	3.5772	
1	2.14752	1.54652	0.0989836	
1	-1.85491	3.10889	0.448132	
1	0.807312	1.43838	1.95425	
1	1.50895	2.50467	3.76919	
1	1.94866	2.14703	3.1737	
1	-0.36541	1.64774	2.34275	
1	1.72818	2.03619	1.05275	
1	0.274324	1.6	1.76535	
2	1.45837	0.597691	3.73772	
2	1.89366	1.03	2.00181	
2	0.694626	1.99494	4.65596	
2	1.17858	1.4807	2.53271	
2	2.83938	1.58148	4.57227	
2	1.22058	1.09534	5.09982	
2	0.787713	2.21091	3.65215	
2	0.698247	1.10376	5.65962	
2	2.47155	1.32093	-0.56951	
2	1.28028	2.11121	2.98963	
2	1.89628	1.06629	5.33862	
2	1.29594	2.04158	2.16823	
2	1.26459	1.05387	4.26285	
2	1.70622	0.621468	4.59785	
2	1.27708	2.10539	4.26785	
2	1.20246	1.56386	4.71517	
2	0.687955	0.638967	2.84554	
2	-0.761505	2.54894	1.56942	
2	2.48285	1.26145	3.77669	
2	1.17501	1.57404	0.464859	
2	3.14307	1.07331	4.34008	
2	0.922283	1.58891	-0.240132	
2	1.80243	0.658552	6.62089	
2	0.621484	1.23794	2.77297	
2	1.18964	1.01917	2.1908	
2	0.706019	1.25959	4.68984	
2	0.908741	1.65726	5.32427	
2	1.84792	-0.087687	3.02278	
2	2.06257	1.52815	0.731031	
2	1.37899	1.80472	1.45514	
2	1.44245	-0.601192	-0.612155	
2	1.23331	0.573969	1.52842	
2	0.542604	1.29785	0.45113	
2	1.66916	1.59996	4.0511	
2	0.587849	0.95685	1.53748	
2	2.43958	0.999204	2.67074	
2	1.50614	1.48575	0.947241	
2	1.34449	1.84904	3.64319	
2	1.33837	2.51329	1.52957	
2	1.92795	1.5165	1.4766	
2	2.47275	1.89095	5.92871	
2	2.37225	1.98344	1.59406	
2	0.634784	0.635882	4.62033	
2	1.11616	1.06543	6.37982	
2	0.849401	1.04151	3.745	
2	1.58197	1.52058	2.09483	
2	2.39339	0.711071	5.77952	
2	1.30654	1.14334	1.45326	
2	1.44043	1.8938	5.751	
2	1.7625	1.25206	2.62239	
2	1.703	1.28231	4.79729	
2	1.25483	1.02211	3.05353	
2	0.585062	2.5199	0.551397	
2	1.75066	2.4995	2.51826	
2	2.40914	1.03192	6.6746	
2	1.66907	1.26581	0.394116	
2	1.80049	1.95297	1.87852	
2	-0.0647051	2.16142	0.0856367	
2	2.45601	1.21378	1.65968	
2	2.45132	2.10693	4.72358	
#ITERATION
40000
#type theta	psi	phi
1	0.786675	2.18523	5.76357	
1	0.907252	1.60869	3.20749	
1	0.666334	3.79738	6.42145	
1	3.56468	1.46675	5.7214	
