1	1.48267	1.5906	-0.0422333	
1	1.5945	1.61193	5.20167	
1	2.34668	2.52192	1.64785	
1	1.44016	1.24795	3.64604	
1	2.18549	1.57149	0.149457	
1	-1.33148	3.15183	0.208917	
1	0.929417	1.48306	1.94923	
1	1.39799	2.4686	3.59968	
1	1.93372	2.12791	3.17779	
1	-0.371887	1.51619	2.51287	
1	1.84409	2.16065	1.18917	
1	0.326547	1.52976	1.97702	
2	1.37401	0.591701	3.71786	
2	1.92669	0.995826	1.83656	
2	0.695655	1.82545	4.62131	
2	1.15914	1.53281	2.61578	
2	2.77904	1.57089	4.72661	
2	1.29543	1.10804	5.0583	
2	0.771171	2.11263	3.53529	
2	0.741597	1.04932	5.6626	
2	2.47816	1.3339	-0.624313	
2	1.25938	2.07984	3.0825	
2	1.88551	1.07739	5.36814	
2	1.19088	2.0268	2.26548	
2	1.29592	1.02662	4.30679	
2	1.82273	0.670411	4.70076	
2	1.24028	2.05412	4.25573	
2	1.29383	1.56135	4.60699	
2	0.752426	0.638859	2.80053	
2	-0.344478	2.5449	1.48639	
2	2.50906	1.24856	3.62059	
2	1.3195	1.49796	0.5836	
2	3.13094	1.01223	4.14238	
2	0.907234	1.50395	-0.257878	
2	2.01724	0.588984	6.76052	
2	0.66171	1.27033	2.6617	
2	1.25383	1.0215	2.22314	
2	0.754003	1.25885	4.62494	
2	0.967192	1.55718	5.28112	
2	2.04942	-0.058542	2.65298	
2	2.21635	1.54896	0.927879	
2	1.34402	1.82212	1.54179	
2	1.28874	-0.65209	-0.446811	
2	1.41892	0.52906	1.54267	
2	0.583672	1.19693	0.59583	
2	1.61418	1.56298	4.11175	
2	0.703532	0.943069	1.71951	
2	2.49921	1.10462	2.56515	
2	1.67359	1.64307	1.02397	
2	1.39351	1.84154	3.60597	
2	1.18315	2.42242	1.68744	
2	1.96895	1.50516	1.50816	
2	2.35557	1.99636	5.92832	
2	2.36872	1.86651	1.58654	
2	0.711971	0.685082	4.76779	
2	1.2645	1.08616	6.38263	
2	0.703305	1.05369	3.62254	
2	1.56	1.55095	2.05985	
2	2.5377	0.704569	5.68581	
2	1.30017	1.20157	1.4519	
2	1.25775	1.90881	5.7067	
2	1.8091	1.1902	2.57985	
2	1.80149	1.31466	4.65794	
2	1.33382	1.13379	2.97607	
2	0.702888	2.49331	0.777449	
2	1.73815	2.50219	2.50366	
2	2.46875	1.05628	6.64244	
2	1.84639	1.26719	0.542128	
2	1.78002	2.12334	1.91274	
2	-0.0778588	1.9977	0.751265	
2	2.5072	1.15532	1.46203	
2	2.39245	2.11819	4.87513	
#ITERATION
39000
#type theta	psi	phi
1	0.7199	2.19222	5.66835	
1	1.04177	1.60391	3.12054	
1	0.577835	3.81904	6.75335	
1	3.58121	1.64276	5.57429	
1	0.773684	2.07795	1.55585	
1	-0.506124	0.6786	3.37035	
1	2.197	1.57207	5.11417	
1	2.37484	1.0872	4.76249	
1	0.727188	1.97959	2.56082	
1	0.0200416	1.08196	3.78904	
1	1.93009	1.06025	6.09379	
1	1.27263	2.0704	5.02489	
1	0.489476	1.61422	3.80631	
1	1.79334	0.871299	1.11091	
1	-1.38982	0.691183	2.62838	
1	2.00653	2.0553	5.41532	
1	3.1595	2.11014	5.55137	
1	1.01296	1.54271	4.05556	
1	1.99826	1.63841	3.56646	
1	2.32116	2.0478	0.634076	
1	1.98645	1.59321	5.77197	
1	2.24793	1.56513	4.37288	
1	0.581123	1.88668	0.508206	
1	1.75912	1.88619	2.52975	
1	1.09416	0.98453	0.823217	
1	2.42553	2.53781	5.83904	
