1	2.00861	0.981707	1.27731	
1	-1.02564	0.482147	2.54492	
1	1.67545	2.12466	5.44383	
1	3.14364	2.08371	4.67412	
1	0.938602	1.60144	4.06229	
1	1.93718	1.61267	3.81935	
1	2.19624	1.9912	0.567691	
1	1.88914	1.62917	5.81251	
1	2.25965	1.59392	4.45157	
1	0.615609	1.8973	0.728218	
1	1.73832	1.92727	2.60401	
1	1.09934	0.957549	1.06585	
1	2.55136	2.43023	6.04345	
1	1.77998	2.46924	0.413346	
1	2.44205	1.97226	3.72406	
1	2.1963	1.57561	2.21247	
1	1.931	1.16235	3.41828	
1	1.89646	1.14098	4.17704	
1	1.80714	2.03297	-0.0468984	
1	1.74468	1.87511	4.78595	
1	0.602236	2.55612	2.24574	
1	1.67804	1.69388	0.584082	
1	1.66746	1.61337	3.20524	
1	1.83673	2.44616	4.85362	
1	2.32221	2.15372	2.56388	
1	2.21468	1.65106	3.08189	
1	1.97829	2.23258	4.00982	
1	1.29698	2.43101	-0.334992	
1	3.52957	1.66654	3.68312	
1	1.28137	1.98414	0.31877	
1	1.25276	1.9376	0.982021	
1	2.68923	0.717852	1.80517	
1	2.43394	0.787115	3.47887	
1	-1.29608	1.17498	2.64719	
1	0.934439	1.51436	1.26177	
1	1.52404	1.42112	-0.010343	
1	1.47709	1.55054	5.35625	
1	2.27649	2.59371	1.48055	
1	1.38535	1.32754	3.67528	
1	2.11739	1.36867	0.222615	
1	-0.9119	3.2514	-0.0846643	
1	0.975443	1.56046	2.00218	
1	1.37137	2.67442	3.76155	
1	1.87163	2.19062	3.24899	
1	-0.242736	1.5216	2.57761	
1	1.8161	1.98336	1.21169	
1	0.374829	1.55633	2.097	
2	1.50043	0.778497	3.68227	
2	2.04572	0.951452	2.11577	
2	0.655359	1.92976	4.67753	
2	1.27856	1.57206	2.5946	
2	2.80137	1.64852	4.76678	
2	1.20706	0.993733	5.09979	
2	0.785881	2.13372	3.77027	
2	0.656989	1.06152	5.72151	
2	2.54727	1.31398	-0.457013	
2	1.20751	2.21251	3.08027	
2	1.85887	1.14486	5.50147	
2	1.23324	2.0505	2.30385	
2	1.27109	1.12492	4.41357	
2	1.87971	0.633066	4.60026	
2	1.20466	2.16959	4.36945	
2	1.23602	1.63325	4.78075	
2	0.827464	0.579213	2.9436	
2	-0.527539	2.59371	1.57758	
2	2.55193	1.3887	3.66531	
2	1.16768	1.4509	0.674876	
2	3.13952	1.12446	4.43349	
2	0.927404	1.57777	0.0656262	
2	1.66007	0.512452	6.8253	
2	0.706016	1.27477	2.79334	
2	1.26234	0.992873	2.32097	
2	0.576488	1.19942	4.6057	
2	0.959603	1.52624	5.39534	
2	2.83399	0.139691	3.07521	
2	2.22288	1.49432	0.991585	
2	1.38476	1.76939	1.55927	
2	1.38384	-0.70085	-0.382315	
2	1.49411	0.583193	1.72476	
2	0.562147	1.21235	0.650193	
2	1.54567	1.65122	4.28762	
2	0.694926	1.05217	1.8421	
2	2.45883	1.20906	2.64978	
2	1.53434	1.36944	1.134	
2	1.38244	1.92246	3.81664	
2	1.3716	2.44887	1.43575	
2	1.93601	1.50439	1.55962	
2	2.40444	1.94008	5.70807	
2	2.51174	2.02044	1.64436	
2	0.773135	0.708678	4.27127	
2	1.04368	1.0001	6.44504	
2	0.820422	1.12125	3.61986	
2	1.61014	1.56091	2.09841	
2	2.40555	0.67475	5.79415	
2	1.49742	1.16978	1.71637	
2	1.3513	1.74371	5.89218	
2	1.83939	1.32154	2.72027	
2	1.77517	1.30723	4.77481	
2	1.31591	1.17596	3.07388	
2	0.837164	2.52118	0.549772	
2	1.62194	2.51853	2.48814	
