2	2.44638	1.87783	1.586	
2	0.52533	0.627326	4.78026	
2	1.17282	1.01533	6.50086	
2	0.736088	0.999751	3.65753	
2	1.64628	1.59361	2.15816	
2	2.56536	0.594674	5.80774	
2	1.45985	1.19898	1.63894	
2	1.36051	1.90233	5.77245	
2	1.77265	1.22436	2.77833	
2	1.89335	1.21708	4.79519	
2	1.27696	1.06252	3.08148	
2	0.688861	2.53134	0.618339	
2	1.80206	2.43171	2.7071	
2	2.48207	1.04504	6.92709	
2	1.76072	1.21709	0.577012	
2	1.88873	2.12092	2.02248	
2	0.0561274	2.09997	0.812604	
2	2.48164	1.24878	1.74126	
2	2.43131	2.20223	4.7784	
#ITERATION
32000
#type theta	psi	phi
1	0.682769	2.11028	5.82371	
1	0.932567	1.58765	3.39559	
1	0.509158	3.67382	6.84579	
1	3.52893	1.55786	5.85522	
1	0.679038	2.12361	1.51212	
1	-0.810939	0.536761	3.96409	
1	2.12638	1.53979	5.21379	
1	2.41587	1.02957	4.83662	
1	0.732422	1.87947	2.78657	
1	-0.0257021	0.922752	2.25486	
1	1.93469	0.930335	6.26263	
1	1.23001	2.05421	5.17768	
1	0.395614	1.64127	3.67119	
1	2.0268	0.96016	1.28944	
1	-1.39062	0.538748	2.69519	
1	1.84689	2.07707	5.47484	
1	3.06131	2.1581	4.43718	
1	0.909535	1.59844	4.24067	
1	1.93281	1.64833	3.82595	
1	2.39952	1.95202	0.664538	
1	1.89528	1.58038	5.82879	
1	2.12695	1.63716	4.407	
1	0.639821	1.86576	0.474034	
1	1.77731	1.99418	2.66101	
1	1.07647	1.05214	1.02379	
1	2.48435	2.52062	5.77449	
1	1.86689	2.51148	0.622077	
1	2.53273	1.87133	3.84995	
1	2.21506	1.65701	2.35215	
1	2.06169	1.13432	3.42681	
1	1.93891	1.12607	4.18543	
1	2.00853	2.12849	-0.0882095	
1	1.70242	1.93526	4.76365	
1	0.630402	2.49626	2.63489	
1	1.7474	1.85649	0.661637	
1	1.60642	1.69266	3.25735	
1	1.65104	2.5103	4.97773	
1	2.4472	2.17872	2.60095	
1	2.23203	1.58664	3.12882	
1	1.88861	2.20224	4.16483	
1	1.28305	2.47683	-0.297616	
1	3.42226	1.59928	3.98123	
1	1.40402	2.0474	0.194612	
1	1.29473	2.05992	0.976337	
1	2.56316	0.677271	1.72664	
1	2.46854	0.711807	3.54071	
1	-1.4396	1.1323	2.739	
1	0.849466	1.62081	1.26203	
1	1.58929	1.49997	0.122002	
1	1.53001	1.61008	5.32242	
1	2.41727	2.42491	1.44993	
1	1.37439	1.29767	3.77506	
1	2.21614	1.47893	0.135551	
1	-1.02659	3.08439	-0.699373	
1	0.926777	1.54201	2.02565	
1	1.36949	2.53839	3.68363	
1	1.97828	2.21104	3.34846	
1	-0.425203	1.58695	2.55227	
1	1.84777	2.02938	1.27502	
1	0.334701	1.68102	1.5288	
2	1.49561	0.686024	3.81256	
2	1.90011	1.16	2.02965	
2	0.663894	1.91652	4.8329	
2	1.17039	1.52261	2.71222	
2	2.69612	1.60496	4.93008	
2	1.18581	1.07264	5.19004	
2	0.78529	2.12731	3.68265	
2	0.767002	0.976302	5.87051	
2	2.38646	1.17146	-0.523232	
2	1.24617	2.12618	3.06219	
2	1.84822	1.0839	5.41867	
2	1.17399	2.03975	2.21111	
2	1.24296	1.08966	4.43085	
2	1.84462	0.59954	4.7549	
2	1.15128	2.18208	4.40268	
2	1.18819	1.48179	4.80565	
2	0.709003	0.606944	2.861	
2	-0.613739	2.50695	1.56331	
2	2.49513	1.31782	3.87239	
