2	1.88289	1.18652	5.37677	
2	1.1288	2.09395	2.28368	
2	1.35633	1.06557	4.3635	
2	1.81078	0.807771	4.76539	
2	1.23472	2.1544	4.32912	
2	1.20183	1.56536	4.77363	
2	0.71515	0.58475	2.7365	
2	-0.558885	2.47018	1.61527	
2	2.49745	1.29976	3.51287	
2	1.17178	1.51684	0.478297	
2	2.9878	1.01642	4.23832	
2	0.875852	1.57412	-0.162459	
2	1.59374	0.623568	6.74491	
2	0.640392	1.23792	2.61925	
2	1.32698	1.07881	2.18882	
2	0.687814	1.18157	4.53378	
2	0.929272	1.52352	5.41242	
2	2.13172	-0.0040952	2.33258	
2	2.15399	1.50568	0.873074	
2	1.37778	1.88973	1.5393	
2	1.39402	-0.583175	-0.579449	
2	1.33993	0.640978	1.5611	
2	0.653172	1.28407	0.68353	
2	1.59317	1.63515	4.16823	
2	0.755993	1.02828	1.65822	
2	2.44449	0.96129	2.63714	
2	1.51228	1.58156	1.03004	
2	1.40707	1.8885	3.64958	
2	1.36507	2.41807	1.5044	
2	1.95425	1.54021	1.5499	
2	2.42657	1.98664	5.86625	
2	2.42911	1.96265	1.42564	
2	0.778303	0.559528	4.59065	
2	1.09026	1.01542	6.38336	
2	0.852202	1.00933	3.56173	
2	1.5221	1.53259	1.96653	
2	2.46106	0.722129	5.48359	
2	1.33472	1.24412	1.48265	
2	1.40831	1.84816	5.80424	
2	1.80353	1.28896	2.56759	
2	1.84496	1.3476	4.76511	
2	1.29165	1.02428	2.87651	
2	0.730269	2.49015	0.568154	
2	1.82192	2.52933	2.47124	
2	2.55378	1.00282	6.71463	
2	1.7342	1.18405	0.43486	
2	1.8651	1.98092	1.88456	
2	0.00190963	2.09471	0.525662	
2	2.44281	1.23531	1.54464	
2	2.42338	2.17972	4.81889	
#ITERATION
38000
#type theta	psi	phi
1	0.725777	2.11221	5.68239	
1	0.990974	1.56917	3.23935	
1	0.694281	3.74056	6.56763	
1	3.4868	1.65686	5.70891	
1	0.684208	1.99526	1.64589	
1	-0.706605	0.577384	3.36548	
1	2.1913	1.58717	5.04244	
1	2.44935	1.08838	4.81396	
1	0.650908	1.81307	2.73891	
1	-0.00159207	0.979423	3.85	
1	1.88073	1.10618	6.1312	
1	1.15756	2.18711	5.03036	
1	0.321495	1.50686	3.82571	
1	1.90595	0.986891	1.13164	
1	-1.49497	0.645841	2.57949	
1	1.71092	2.19195	5.40895	
1	3.10474	2.11938	5.59948	
1	1.01111	1.549	4.04726	
1	1.98482	1.61532	3.68069	
1	2.39209	2.10094	0.711396	
1	1.89055	1.64991	5.73074	
1	2.19198	1.64262	4.25626	
1	0.566125	1.92378	0.335415	
1	1.65906	1.86482	2.60044	
1	1.11345	0.955866	0.852012	
1	2.52481	2.62302	5.90182	
1	1.70791	2.51175	0.572869	
1	2.4955	2.04058	3.77041	
1	2.22998	1.48321	2.10745	
1	1.87952	1.10631	3.31393	
1	1.99409	1.09771	4.06245	
1	1.77497	2.17019	-0.116931	
1	1.61983	1.9455	4.73279	
1	0.709963	2.47738	2.60505	
1	1.83849	1.90949	0.453434	
1	1.67594	1.5851	3.11155	
1	1.83346	2.52996	4.66371	
1	2.46491	2.11617	2.54155	
1	2.17897	1.60317	2.8931	
1	1.86117	2.12472	3.98159	
1	1.18406	2.59103	-0.419567	
1	3.48292	1.59697	3.74613	
1	1.15681	1.99641	0.155372	
1	1.19196	2.02731	0.937834	
1	2.56524	0.614144	1.66295	
1	2.54938	0.633176	3.77445	
1	-1.37749	1.30812	2.53305	
1	0.890667	1.59911	1.05785	
