2	2.43854	0.953708	6.7891	
2	1.62361	1.08786	0.553466	
2	1.89604	2.0567	1.88676	
2	-0.0111776	2.18168	0.6164	
2	2.54317	1.28224	1.62763	
2	2.41269	2.09494	4.67971	
#ITERATION
36000
#type theta	psi	phi
1	0.67405	2.06316	5.78816	
1	1.04005	1.59807	3.40264	
1	0.579331	3.68258	6.49152	
1	3.47864	1.71186	5.84393	
1	0.68986	2.02392	1.5682	
1	-0.642514	0.564851	3.69268	
1	2.12822	1.51639	5.26592	
1	2.44842	1.03721	4.69434	
1	0.787452	1.80402	2.64803	
1	0.13649	1.06466	3.30035	
1	1.93444	0.983496	6.08822	
1	1.10215	2.10736	5.15154	
1	0.44094	1.66004	3.62242	
1	1.94028	1.07219	1.15106	
1	-1.28808	0.470565	2.53783	
1	1.97154	2.09283	5.49214	
1	3.02082	2.22346	5.0058	
1	1.01008	1.72128	4.05343	
1	2.06058	1.57584	3.75087	
1	2.30265	2.04838	0.450884	
1	1.81751	1.50201	5.83149	
1	2.2048	1.61934	4.50478	
1	0.649756	1.67011	0.62853	
1	1.70749	1.95783	2.57202	
1	1.15484	1.01493	1.03543	
1	2.36292	2.50823	5.91475	
1	1.7385	2.38832	0.502552	
1	2.47894	1.97837	3.83846	
1	2.25254	1.68437	2.22941	
1	1.95793	1.12094	3.33621	
1	1.9433	1.03848	4.09705	
1	1.87553	1.94641	-0.0911564	
1	1.72026	1.97642	4.84164	
1	0.586274	2.44896	2.51099	
1	1.65626	1.79748	0.508254	
1	1.46173	1.60516	3.11818	
1	1.56263	2.5931	4.78387	
1	2.41005	2.15532	2.63952	
1	2.14097	1.68387	3.05664	
1	1.87297	2.08677	4.14639	
1	1.42311	2.49812	-0.457706	
1	3.47687	1.6391	3.74652	
1	1.11722	1.95887	0.225962	
1	1.13876	2.02606	0.877586	
1	2.58871	0.694189	1.53605	
1	2.42184	0.631385	3.67099	
1	-1.29122	1.22281	2.64761	
1	0.951136	1.49842	1.28175	
1	1.46467	1.47306	0.0268134	
1	1.48326	1.5844	5.30917	
1	2.41872	2.55237	1.3521	
1	1.46846	1.26532	3.65273	
1	2.21633	1.45976	0.0832227	
1	-1.01284	3.23431	0.0832446	
1	0.943565	1.53325	2.00636	
1	1.44089	2.61242	3.53164	
1	1.96607	2.2056	3.37546	
1	-0.317727	1.58817	2.45542	
1	1.73729	2.04522	1.11413	
1	0.39492	1.49687	1.64018	
2	1.33429	0.695097	3.63943	
2	1.98	1.15082	2.02916	
2	0.632787	1.93518	4.66619	
2	1.24148	1.47574	2.54344	
2	2.73431	1.63924	4.89142	
2	1.21289	0.995082	5.08334	
2	0.777916	2.13085	3.75057	
2	0.627323	0.998418	5.65182	
2	2.55343	1.23317	-0.577761	
2	1.2049	2.12446	3.04576	
2	1.86873	1.0275	5.31686	
2	1.1633	2.09183	2.21783	
2	1.15131	1.08534	4.23962	
2	1.80805	0.650244	4.72365	
2	1.29936	2.07628	4.38502	
2	1.23695	1.54449	4.69849	
2	0.806258	0.550397	2.58822	
2	-0.514348	2.56356	1.60554	
2	2.53989	1.33261	3.77889	
2	1.19275	1.49322	0.598943	
2	3.13396	1.09074	4.27168	
2	0.884225	1.51736	-0.131635	
2	1.81005	0.612573	6.77152	
2	0.753513	1.21073	2.73792	
2	1.31247	0.978142	2.27423	
2	0.613645	1.27151	4.66093	
2	0.898517	1.57702	5.34611	
2	2.33851	0.0828712	2.66662	
2	2.13661	1.57536	0.875439	
2	1.33815	1.78226	1.6214	
2	1.07941	-0.747927	-0.622022	
2	1.55795	0.546722	1.68204	
