2	0.57897	1.2121	2.6128	
2	1.21452	0.999575	2.26713	
2	0.679149	1.28531	4.5465	
2	1.02784	1.61417	5.16478	
2	2.2342	-0.0652138	2.69836	
2	2.07638	1.50755	0.854755	
2	1.27956	1.85763	1.55478	
2	1.44719	-0.55499	-0.468124	
2	1.27008	0.616404	1.58657	
2	0.649712	1.25576	0.218485	
2	1.63079	1.61722	4.17607	
2	0.60276	1.01118	1.31265	
2	2.37871	0.987033	2.49322	
2	1.41592	1.57621	0.999877	
2	1.37884	1.86611	3.67255	
2	1.22195	2.57024	1.55156	
2	1.77776	1.61486	1.49214	
2	2.54283	1.88453	5.69656	
2	2.38846	1.91206	1.56763	
2	0.72437	0.66743	4.69097	
2	1.26546	1.08642	6.27905	
2	0.639037	1.01403	3.68513	
2	1.54384	1.44331	2.04654	
2	2.49943	0.63773	5.74154	
2	1.3182	1.25841	1.56055	
2	1.46556	1.88361	5.72905	
2	1.78307	1.16175	2.59481	
2	1.8874	1.24904	4.70538	
2	1.22719	0.925081	3.07234	
2	0.605958	2.47782	0.379286	
2	1.75869	2.52358	2.63659	
2	2.41352	1.04798	6.77518	
2	1.69185	1.19973	0.557512	
2	1.8879	2.1251	1.92397	
2	0.0334029	2.13715	-0.118626	
2	2.42505	1.2526	1.4724	
2	2.31591	2.11893	4.76953	
#ITERATION
42000
#type theta	psi	phi
1	0.766437	2.08226	5.66915	
1	0.966779	1.4966	3.31533	
1	0.64727	3.81941	6.38359	
1	3.48875	1.63224	5.56459	
1	0.737201	2.15022	1.43037	
1	-0.617002	0.584455	3.45874	
1	2.26132	1.63427	5.06507	
1	2.50144	1.04517	4.68338	
1	0.678504	1.927	2.49699	
1	0.0304037	1.04383	3.63255	
1	1.89857	1.11528	6.01357	
1	1.20529	2.09319	5.05368	
1	0.420029	1.63735	3.89948	
1	1.95842	0.946492	1.04572	
1	-1.41109	0.628693	2.55314	
1	1.88641	2.14325	5.32411	
1	3.09743	2.17069	5.23927	
1	0.99556	1.60551	3.98703	
1	1.93972	1.48923	3.5802	
1	2.46472	2.13065	0.56373	
1	2.00666	1.69403	5.76006	
1	2.23678	1.5306	4.28232	
1	0.630691	1.8729	0.340738	
1	1.70126	1.91456	2.64232	
1	1.2748	1.08708	0.819715	
1	2.46657	2.60522	5.69997	
1	1.87375	2.58158	0.574762	
1	2.54725	1.89073	3.62625	
1	2.1562	1.58683	2.24	
1	1.85223	0.946248	3.30232	
1	1.96026	0.963072	4.06621	
1	1.8399	2.21013	-0.15509	
1	1.7908	1.82389	4.67599	
1	0.731255	2.5059	2.74211	
1	1.7573	1.8961	0.447181	
1	1.51222	1.45198	3.13162	
1	1.89138	2.50233	4.3486	
1	2.37371	2.09575	2.46582	
1	2.22707	1.513	2.97075	
1	1.9655	1.95775	4.04552	
1	1.33488	2.51153	-0.658023	
1	3.53363	1.63573	3.72665	
1	1.13623	2.16279	0.0533608	
1	1.24168	2.06641	0.838414	
1	2.53591	0.667216	1.58424	
1	2.65364	0.593768	3.6609	
1	-1.35857	1.24261	2.62183	
1	1.01453	1.58018	1.14427	
1	1.57413	1.69039	-0.0949158	
1	1.63631	1.55749	5.20003	
1	2.34904	2.4824	1.64631	
1	1.41729	1.19752	3.66649	
1	2.21638	1.57019	0.123026	
1	-1.79424	3.09131	-0.28202	
1	0.951191	1.48201	1.79626	
1	1.4735	2.38199	3.53737	
1	1.91823	2.01228	3.21374	
1	-0.409628	1.62462	2.21705	
1	1.93161	2.01495	1.08931	
1	0.270712	1.57925	1.37037	
2	1.31815	0.570619	3.7749	
