1	2.1051	1.56908	0.094079	
1	-2.67767	3.03923	0.611409	
1	0.9867	1.5816	1.97846	
1	1.28336	2.4967	3.60458	
1	1.92434	2.18336	3.24612	
1	-0.285036	1.65287	2.71099	
1	1.85069	1.95297	1.12962	
1	0.377138	1.52618	1.79236	
2	1.43435	0.703133	3.6046	
2	1.92571	1.06417	1.95361	
2	0.650162	1.93528	4.74798	
2	1.189	1.56575	2.63824	
2	2.85637	1.48056	4.88701	
2	1.18475	0.987621	4.98926	
2	0.766225	2.07944	3.64278	
2	0.652679	1.10396	5.70026	
2	2.45192	1.22899	-0.475571	
2	1.24578	2.08782	3.06803	
2	1.81314	1.06788	5.40607	
2	1.33698	2.12092	2.21279	
2	1.29094	0.974952	4.27551	
2	1.90916	0.602515	4.85069	
2	1.21888	2.07594	4.26827	
2	1.16362	1.55915	4.67171	
2	0.880935	0.562037	2.70269	
2	-0.681382	2.52937	1.4246	
2	2.49342	1.35321	3.82564	
2	1.07279	1.6493	0.563039	
2	3.18393	0.970661	4.34956	
2	0.856118	1.61026	-0.104125	
2	1.65918	0.706508	6.838	
2	0.67164	1.22019	2.62453	
2	1.21117	1.03821	2.27722	
2	0.656578	1.28944	4.81527	
2	0.924486	1.65898	5.38005	
2	1.00559	-0.0434032	2.74717	
2	2.14469	1.5333	0.793206	
2	1.49196	1.90331	1.63667	
2	1.26142	-0.631444	-0.445048	
2	1.30653	0.622944	1.5571	
2	0.585699	1.25792	0.565496	
2	1.56196	1.57553	4.19375	
2	0.5845	0.982694	1.65529	
2	2.50947	1.04175	2.66431	
2	1.4875	1.56352	1.03224	
2	1.38188	1.87725	3.6539	
2	1.63806	2.52142	1.54494	
2	1.9688	1.6018	1.5684	
2	2.4338	1.88057	5.71773	
2	2.55068	1.84446	1.29475	
2	0.701102	0.54129	4.68727	
2	1.19761	1.08239	6.44629	
2	0.746748	1.04586	3.72254	
2	1.57691	1.55097	2.1355	
2	2.47044	0.643467	5.89986	
2	1.3538	1.19724	1.59056	
2	1.32881	1.99809	5.67499	
2	1.75968	1.20253	2.62327	
2	1.75316	1.23875	4.6695	
2	1.23737	1.10218	3.06953	
2	0.659843	2.54298	0.6908	
2	1.82223	2.49124	2.69292	
2	2.24286	1.00658	6.83307	
2	1.67317	1.3126	0.518714	
2	1.96207	2.04927	2.02919	
2	-0.102398	2.18587	-0.440854	
2	2.54659	1.25813	1.48651	
2	2.45599	1.95964	4.79851	
#ITERATION
48000
#type theta	psi	phi
1	0.643807	2.04992	5.75996	
1	0.973655	1.58374	3.29254	
1	0.749036	3.84395	6.62242	
1	3.60341	1.56967	5.57707	
1	0.798133	2.16039	1.51549	
1	-0.645907	0.549483	3.682	
1	2.24049	1.62014	5.01361	
1	2.45629	1.00388	4.72703	
1	0.604486	1.95256	2.42938	
1	0.0316832	1.02133	4.39152	
1	1.96072	1.08509	6.0465	
1	1.05192	2.07663	5.19325	
1	0.381409	1.60659	3.6305	
1	1.92424	1.02855	1.09315	
1	-1.42052	0.618313	2.53752	
1	1.95504	2.20658	5.45802	
1	3.23017	2.06325	5.82269	
1	0.950718	1.57865	4.02522	
1	1.91569	1.58862	3.67507	
1	2.42009	2.14494	0.488159	
1	2.00762	1.61798	5.73531	
1	2.12225	1.5543	4.37802	
1	0.641948	1.81036	0.537725	
1	1.78678	1.91928	2.57143	
1	1.20445	1.09079	0.901292	
1	2.81164	2.49577	5.74982	
1	1.77733	2.51973	0.589132	
1	2.4443	1.84902	3.77176	
1	2.08457	1.54136	2.33178	
1	1.92927	1.00721	3.32048	
