2	1.29466	2.1045	4.34283	
2	1.1625	1.55492	4.68214	
2	0.616576	0.657019	2.88089	
2	-0.639127	2.5321	1.28136	
2	2.50374	1.17292	3.6819	
2	1.29459	1.54997	0.589339	
2	3.1816	1.03374	4.56483	
2	0.949464	1.62283	-0.211197	
2	1.80072	0.656098	6.78054	
2	0.662487	1.21071	2.61286	
2	1.23948	0.997971	2.23067	
2	0.573448	1.26599	4.7033	
2	0.976446	1.63328	5.34082	
2	1.3081	0.0432944	3.02908	
2	2.12709	1.54737	0.821596	
2	1.35157	1.84939	1.45389	
2	1.39048	-0.594584	-0.500747	
2	1.25049	0.577703	1.51384	
2	0.741637	1.31875	0.398647	
2	1.58437	1.547	4.18395	
2	0.648631	1.00222	1.68147	
2	2.38212	1.00516	2.56736	
2	1.60474	1.41147	1.03476	
2	1.29604	1.88753	3.67862	
2	1.42827	2.49671	1.51424	
2	1.8606	1.59692	1.5415	
2	2.51061	1.96705	5.82418	
2	2.40293	1.90326	1.50135	
2	0.673226	0.648957	4.7147	
2	1.21477	1.00996	6.51151	
2	0.679796	1.04494	3.71057	
2	1.4704	1.50576	2.01826	
2	2.4013	0.658108	5.834	
2	1.33682	1.19891	1.49978	
2	1.30956	1.99323	5.64778	
2	1.77886	1.12327	2.50759	
2	1.77193	1.20602	4.61464	
2	1.35034	1.03251	2.98007	
2	0.714982	2.58552	0.612376	
2	1.74684	2.46287	2.57529	
2	2.35039	1.03856	6.77673	
2	1.74512	1.28379	0.418716	
2	1.83153	2.10487	1.96695	
2	-0.00247677	2.13189	-0.644357	
2	2.42544	1.27499	1.54593	
2	2.45591	2.11341	4.66292	
#ITERATION
47000
#type theta	psi	phi
1	0.616142	2.09813	5.8283	
1	0.840954	1.61314	3.29662	
1	0.544145	3.80592	6.75498	
1	3.59047	1.61993	5.5934	
1	0.916156	2.16575	1.59405	
1	-0.646451	0.624807	3.70224	
1	2.13045	1.54994	5.1981	
1	2.36417	1.13069	4.76069	
1	0.689174	1.92132	2.53156	
1	0.0707218	0.968859	4.38261	
1	1.76505	1.04162	6.08617	
1	1.24228	2.1011	5.03729	
1	0.338684	1.52429	3.84285	
1	1.89967	1.0855	1.21751	
1	-1.38871	0.596577	2.55622	
1	1.87989	2.09515	5.29611	
1	3.04221	2.00584	6.00733	
1	0.966133	1.49273	4.07506	
1	2.00153	1.63296	3.57678	
1	2.29252	2.07957	0.535228	
1	1.85976	1.5623	5.75579	
1	2.10287	1.58207	4.22067	
1	0.529731	1.98807	0.707762	
1	1.74371	1.83861	2.63588	
1	1.1115	1.12916	0.941171	
1	2.62194	2.45757	6.03907	
1	1.7858	2.54956	0.40308	
1	2.51783	1.91157	3.633	
1	2.19942	1.50805	2.12638	
1	1.82275	1.13239	3.33759	
1	1.94395	1.03824	4.02971	
1	1.881	2.16296	-0.14374	
1	1.72791	1.87081	4.70589	
1	0.836259	2.5874	2.65217	
1	1.7316	1.88464	0.480413	
1	1.62368	1.5939	3.12517	
1	1.80375	2.55867	4.64818	
1	2.34607	2.05531	2.74149	
1	2.18547	1.48574	2.90987	
1	1.99542	2.17609	4.03701	
1	1.30068	2.57705	-0.489696	
1	3.65175	1.47372	3.53885	
1	1.14552	2.09047	0.182742	
1	1.29009	2.12585	0.868534	
1	2.49699	0.623985	1.76979	
1	2.51988	0.596729	3.70309	
1	-1.25562	1.33229	2.66008	
1	0.989656	1.63992	1.31017	
1	1.52024	1.62009	0.0283837	
1	1.49204	1.57268	5.19358	
1	2.50153	2.43104	1.83634	
1	1.37769	1.2689	3.69807	
