2	1.57049	1.65308	1.04327	
2	1.35833	1.86616	3.66867	
2	1.38065	2.58336	1.73322	
2	1.92465	1.56427	1.49911	
2	2.52049	1.8575	5.58771	
2	2.52334	1.89664	1.49995	
2	0.646099	0.668859	4.83846	
2	1.28346	1.11582	6.38458	
2	0.665433	1.01986	3.71504	
2	1.65182	1.49619	2.03529	
2	2.56533	0.699101	5.84498	
2	1.35527	1.25239	1.5207	
2	1.3099	1.91393	5.77321	
2	1.76008	1.21064	2.55033	
2	1.64232	1.34288	4.69479	
2	1.14657	0.966514	2.93889	
2	0.591686	2.60293	0.63165	
2	1.77928	2.483	2.62853	
2	2.26822	0.998751	6.86023	
2	1.76955	1.32208	0.524587	
2	1.91913	2.02517	2.00524	
2	0.0306318	2.14096	-0.430661	
2	2.45397	1.29026	1.41959	
2	2.43911	2.08684	4.57639	
#ITERATION
46000
#type theta	psi	phi
1	0.622329	2.14139	5.59517	
1	0.900941	1.50974	3.2893	
1	0.773368	3.81176	6.48733	
1	3.5756	1.56435	5.69319	
1	0.733464	2.14072	1.65289	
1	-0.531068	0.643691	3.3981	
1	2.21098	1.53435	5.01666	
1	2.50363	1.02022	4.76121	
1	0.685798	1.87292	2.67339	
1	0.00250715	1.06387	4.22121	
1	2.02208	1.16226	6.16269	
1	1.29373	2.10658	5.02277	
1	0.383578	1.55999	3.67572	
1	2.02739	1.01408	1.117	
1	-1.34237	0.672896	2.6691	
1	2.06146	2.18901	5.32164	
1	3.20378	2.03923	6.19705	
1	0.92943	1.55206	4.1068	
1	1.96941	1.56484	3.56287	
1	2.31252	2.04535	0.540834	
1	1.93856	1.65785	5.6665	
1	2.25786	1.60956	4.20295	
1	0.670532	1.88161	0.475859	
1	1.69197	1.88113	2.52005	
1	1.04432	1.05983	0.916732	
1	2.81273	2.5285	5.74701	
1	1.951	2.60584	0.637273	
1	2.52283	1.86826	3.55701	
1	2.18457	1.60017	2.27547	
1	1.93374	0.966271	3.30845	
1	1.89879	1.09322	3.988	
1	1.93965	2.30193	-0.156682	
1	1.80131	1.89378	4.65856	
1	0.686748	2.56467	2.64752	
1	1.73901	1.93938	0.513316	
1	1.51496	1.49599	3.10753	
1	1.92532	2.52125	4.58468	
1	2.37478	2.0445	2.63447	
1	2.10765	1.54915	2.94815	
1	1.93903	2.15538	3.96084	
1	1.28355	2.61401	-0.71035	
1	3.59115	1.57669	3.55566	
1	1.23817	2.1339	0.0623099	
1	1.18698	2.13337	0.828101	
1	2.56605	0.573949	1.66781	
1	2.45441	0.595681	3.79196	
1	-1.42819	1.32592	2.56556	
1	0.877378	1.62257	1.14951	
1	1.52266	1.63585	-0.0478346	
1	1.60669	1.58852	5.2073	
1	2.52135	2.43743	1.6427	
1	1.33613	1.11995	3.65771	
1	2.10745	1.72276	0.0133493	
1	-2.40598	3.0307	-0.0872181	
1	0.876007	1.60102	1.87762	
1	1.34229	2.43025	3.60768	
1	1.81911	2.04435	3.25305	
1	-0.363727	1.58837	2.61963	
1	1.86664	2.05049	1.14967	
1	0.334516	1.62841	1.69992	
2	1.50455	0.584656	3.67019	
2	1.90607	1.11816	1.87479	
2	0.586737	1.84512	4.62598	
2	1.23226	1.48269	2.59894	
2	2.85498	1.57175	4.62114	
2	1.22637	1.0211	5.0927	
2	0.700606	2.07905	3.70732	
2	0.67286	1.0805	5.67172	
2	2.48568	1.26214	-0.505124	
2	1.21458	2.01961	2.95881	
2	1.83248	1.04869	5.32062	
2	1.21912	2.0767	2.19048	
2	1.20738	1.01415	4.32239	
2	1.69335	0.557018	4.82491	
