2	1.40604	1.49565	2.00043	
2	2.35807	0.713704	5.66508	
2	1.16819	1.21356	1.55934	
2	1.43488	1.98653	5.73871	
2	1.65919	1.14412	2.57605	
2	1.75876	1.3237	4.75041	
2	1.28017	0.994896	3.0497	
2	0.721396	2.55184	0.434644	
2	1.75927	2.4706	2.41579	
2	2.32412	1.11872	6.8427	
2	1.72161	1.25102	0.460631	
2	1.85534	2.04316	1.85315	
2	-0.105614	2.15273	0.0859865	
2	2.3707	1.24505	1.60351	
2	2.4175	2.16451	4.68342	
#ITERATION
41000
#type theta	psi	phi
1	0.837768	2.11276	5.68867	
1	0.912565	1.52632	3.22065	
1	0.603833	3.80431	6.65322	
1	3.60318	1.58502	5.4957	
1	0.718821	2.11958	1.49105	
1	-0.706638	0.609426	3.33701	
1	2.20603	1.57669	5.1317	
1	2.54703	1.04722	4.79641	
1	0.73814	1.84607	2.63448	
1	0.00869142	1.14193	3.87456	
1	1.98514	1.07498	6.13631	
1	1.33307	2.04439	5.13908	
1	0.324299	1.61734	3.73053	
1	1.74555	1.0366	1.12332	
1	-1.39138	0.686821	2.43444	
1	1.93652	2.13024	5.4953	
1	3.3033	2.14629	5.53735	
1	0.935869	1.61747	3.90601	
1	1.92413	1.63327	3.51723	
1	2.45841	2.05387	0.512566	
1	1.93711	1.54312	5.73895	
1	2.24242	1.65669	4.29433	
1	0.663817	1.86551	0.377761	
1	1.74269	1.83363	2.57909	
1	1.07712	1.01726	0.722456	
1	2.57645	2.56616	5.75263	
1	1.60599	2.51502	0.57329	
1	2.49438	1.90852	3.43825	
1	2.12398	1.54021	2.06966	
1	1.95314	0.970004	3.23828	
1	1.95473	1.09541	4.11287	
1	1.9683	2.05002	-0.109597	
1	1.74994	1.88719	4.70872	
1	0.810824	2.35663	2.40862	
1	1.87124	2.00887	0.587252	
1	1.55606	1.59678	3.12817	
1	1.77373	2.47361	4.61824	
1	2.32002	2.08778	2.56798	
1	2.18762	1.59152	2.85565	
1	1.96355	2.10876	4.04955	
1	1.45279	2.60987	-0.720349	
1	3.53109	1.60099	3.92873	
1	1.3763	2.10556	0.120455	
1	1.15689	2.0877	0.887584	
1	2.45641	0.591597	1.47518	
1	2.57234	0.566948	3.75617	
1	-1.41144	1.30949	2.58099	
1	0.829926	1.53887	1.04755	
1	1.65458	1.60848	0.153216	
1	1.6352	1.5715	5.22507	
1	2.43944	2.57101	1.3688	
1	1.46066	1.23652	3.59254	
1	2.18008	1.53032	0.0922036	
1	-1.55012	3.06396	-0.249234	
1	0.897393	1.49353	1.91971	
1	1.41163	2.44446	3.56895	
1	1.92897	2.1386	3.18346	
1	-0.401883	1.70858	2.41373	
1	1.798	2.13788	1.22826	
1	0.349162	1.65884	1.65248	
2	1.43612	0.654772	3.82937	
2	1.86097	0.957299	1.85365	
2	0.698877	1.9192	4.57294	
2	1.24223	1.44589	2.65872	
2	2.93936	1.57126	4.52662	
2	1.28588	1.12255	4.94038	
2	0.720657	2.20079	3.62292	
2	0.750136	1.14584	5.47443	
2	2.57362	1.27177	-0.393747	
2	1.22642	2.00908	2.94362	
2	2.00478	1.10524	5.42858	
2	1.27725	1.96535	2.11761	
2	1.19124	1.17508	4.10982	
2	1.82901	0.599536	4.73807	
2	1.26033	2.10183	4.25064	
2	1.28899	1.58932	4.58334	
2	0.371682	0.560102	2.31199	
2	-0.755017	2.4541	1.59299	
2	2.48111	1.32355	3.6727	
2	1.13664	1.65535	0.401856	
2	3.22019	1.02319	5.07054	
2	0.992198	1.6564	-0.297937	
2	1.87213	0.656783	6.63973	
