1	1.90668	2.01874	3.90397	
1	1.3677	2.53012	-0.774017	
1	3.52912	1.58008	3.40425	
1	1.24129	2.10139	0.0735072	
1	1.31435	2.08851	0.885896	
1	2.49846	0.646339	1.2931	
1	2.53391	0.592266	3.70741	
1	-1.35486	1.34616	2.48588	
1	0.952938	1.65559	1.03467	
1	1.42888	1.53884	-0.0321011	
1	1.59309	1.47888	5.13369	
1	2.38508	2.44063	1.67539	
1	1.45113	1.26551	3.60938	
1	2.19281	1.64409	0.161955	
1	-2.11277	3.01759	-0.203407	
1	0.94736	1.51023	1.89035	
1	1.28942	2.4277	3.4805	
1	1.85395	2.06297	3.20372	
1	-0.366693	1.49239	2.48763	
1	1.91217	2.05537	1.12284	
1	0.365644	1.52552	1.60388	
2	1.38672	0.576128	3.68646	
2	1.86849	1.06585	1.85995	
2	0.700728	1.85651	4.59455	
2	1.17486	1.52017	2.57011	
2	2.74587	1.63188	4.95139	
2	1.22902	1.04749	5.0197	
2	0.798437	1.97464	3.46061	
2	0.754717	1.03597	5.74534	
2	2.44529	1.23666	-0.487584	
2	1.26342	2.00378	2.9878	
2	1.93817	1.06056	5.23439	
2	1.20891	2.07821	2.16708	
2	1.23468	0.973539	4.31423	
2	1.87181	0.688259	4.63962	
2	1.29127	2.086	4.21266	
2	1.22788	1.58911	4.65545	
2	0.56064	0.633218	2.51994	
2	-0.728793	2.41003	1.33901	
2	2.49376	1.1746	3.57364	
2	1.16398	1.56829	0.49006	
2	3.03026	0.93766	5.34688	
2	0.9683	1.57012	-0.265796	
2	1.76996	0.623039	6.73978	
2	0.588263	1.2377	2.63022	
2	1.12356	1.05072	2.18792	
2	0.69773	1.19504	4.64325	
2	0.943688	1.59889	5.2328	
2	2.85589	0.0118589	2.72071	
2	2.19747	1.59499	0.845864	
2	1.33748	1.92369	1.48254	
2	1.43808	-0.579692	-0.765112	
2	1.35052	0.65976	1.40197	
2	0.707358	1.27094	0.401429	
2	1.6389	1.50538	4.10791	
2	0.753442	1.07933	1.40957	
2	2.39882	0.993128	2.58692	
2	1.65023	1.53001	0.953587	
2	1.4218	1.8234	3.6211	
2	1.19105	2.56609	1.47126	
2	2.0158	1.51627	1.44994	
2	2.45435	1.97383	5.76065	
2	2.52237	1.80905	1.45627	
2	0.66949	0.560684	4.90426	
2	1.2234	1.01378	6.32487	
2	0.695067	1.0164	3.69802	
2	1.56964	1.62666	1.96054	
2	2.37565	0.63368	5.6797	
2	1.33569	1.32827	1.47921	
2	1.30797	1.98957	5.68961	
2	1.76899	1.13941	2.53583	
2	1.77521	1.32452	4.64495	
2	1.18684	1.00777	2.90283	
2	0.488567	2.56047	0.23569	
2	1.64248	2.45585	2.51167	
2	2.41102	1.08757	6.76469	
2	1.74203	1.327	0.38777	
2	1.84164	2.12262	1.91059	
2	-0.0188412	2.02995	0.17044	
2	2.53117	1.19396	1.51693	
2	2.52142	2.09643	4.59966	
#ITERATION
44000
#type theta	psi	phi
1	0.53246	2.16954	5.77241	
1	0.914641	1.51227	3.26536	
1	0.659521	3.76582	6.62347	
1	3.47865	1.62285	5.69469	
1	0.708496	2.06961	1.5965	
1	-0.788804	0.601739	3.53448	
1	2.12546	1.66252	5.05324	
1	2.46216	1.047	4.64663	
1	0.688161	1.94655	2.68237	
1	-0.0191927	1.04595	4.12449	
1	1.91329	1.08458	6.18143	
1	1.1113	2.09023	5.06238	
1	0.382215	1.48242	3.76698	
1	1.92901	1.04069	1.23954	
1	-1.50216	0.687279	2.57901	
1	1.86842	2.17014	5.29488	
1	3.14155	2.16399	5.74979	
