2	2.02755	1.04819	1.97234	
2	0.854801	1.8991	4.49257	
2	1.17999	1.55689	2.51848	
2	2.80554	1.61554	4.72881	
2	1.22978	0.993716	5.03372	
2	0.805766	2.06784	3.57589	
2	0.682857	1.11897	5.57866	
2	2.60894	1.25277	-0.495632	
2	1.17665	2.02146	2.95591	
2	2.00363	1.20898	5.37266	
2	1.21971	2.04122	2.13037	
2	1.25005	1.11203	4.33617	
2	1.84563	0.644623	4.77984	
2	1.3129	2.13023	4.22967	
2	1.34242	1.52203	4.67649	
2	0.62114	0.611549	2.55433	
2	-0.769096	2.53804	1.21521	
2	2.56626	1.29446	3.62401	
2	1.21948	1.5921	0.362293	
2	3.22731	1.11307	4.93384	
2	0.916427	1.58298	-0.19609	
2	1.72531	0.668675	6.54619	
2	0.560263	1.26152	2.51202	
2	1.25725	1.05438	2.0481	
2	0.747293	1.3567	4.60602	
2	1.01781	1.51683	5.22984	
2	2.53908	0.0326724	2.57359	
2	2.1791	1.49206	0.880884	
2	1.39358	1.84464	1.55704	
2	1.33201	-0.664186	-0.635471	
2	1.32221	0.595838	1.46204	
2	0.668477	1.26913	0.432842	
2	1.56235	1.49226	4.08664	
2	0.655993	1.03679	1.51419	
2	2.42419	1.05098	2.67027	
2	1.61388	1.53543	1.00572	
2	1.42619	1.78106	3.64055	
2	1.3712	2.46099	1.4783	
2	1.99154	1.53621	1.48452	
2	2.48588	2.00047	5.75746	
2	2.44341	1.85038	1.59753	
2	0.603466	0.732067	4.55073	
2	1.19523	1.04297	6.32621	
2	0.699224	1.05964	3.63403	
2	1.53121	1.57303	2.04273	
2	2.36578	0.684324	5.65494	
2	1.45002	1.2642	1.48654	
2	1.39132	1.80214	5.66249	
2	1.73826	1.27645	2.5344	
2	1.79262	1.21959	4.72615	
2	1.19381	0.958102	2.85569	
2	0.45637	2.5791	0.395196	
2	1.75432	2.4669	2.51003	
2	2.40697	1.05541	6.71381	
2	1.77374	1.28616	0.483043	
2	1.91594	2.07755	1.83313	
2	-0.0871541	2.10234	0.225913	
2	2.51179	1.33428	1.48987	
2	2.42391	2.08979	4.67144	
#ITERATION
43000
#type theta	psi	phi
1	0.620663	2.07117	5.68637	
1	0.959803	1.49477	3.23649	
1	0.62387	3.8436	6.60061	
1	3.42552	1.50161	5.70321	
1	0.621869	2.00933	1.55511	
1	-0.715626	0.613442	3.548	
1	2.1963	1.59214	5.08353	
1	2.40649	1.12474	4.63464	
1	0.643391	1.83358	2.54774	
1	-0.0944573	1.00741	3.57765	
1	1.89094	1.08299	6.03175	
1	1.19362	2.09437	4.94515	
1	0.366768	1.56611	3.89428	
1	1.92718	0.990807	1.07944	
1	-1.42729	0.689775	2.45226	
1	1.89319	2.07619	5.39637	
1	3.15089	2.04513	5.5159	
1	1.02291	1.56622	4.03484	
1	1.97005	1.50711	3.58967	
1	2.49542	2.20144	0.532554	
1	1.89485	1.68114	5.77447	
1	2.21188	1.56216	4.20138	
1	0.675862	1.88168	0.402558	
1	1.74088	1.82993	2.59234	
1	1.21736	1.0345	0.800863	
1	2.50229	2.57631	5.56128	
1	1.71198	2.63215	0.449112	
1	2.49637	1.81227	3.42385	
1	2.21365	1.6108	2.16491	
1	1.89398	0.966341	3.28731	
1	1.95993	1.02966	4.05557	
1	1.86011	2.25815	-0.223833	
1	1.72481	1.95085	4.64975	
1	0.674838	2.43937	2.66805	
1	1.79573	2.00148	0.378193	
1	1.5265	1.48585	3.04205	
1	1.78489	2.50471	4.54539	
1	2.30469	2.05722	2.61988	
1	2.0923	1.58208	3.0197	
