1	0.660234	2.05586	1.33341	
1	-0.677625	0.69598	3.37294	
1	2.28974	1.60322	5.07253	
1	2.34965	1.06529	4.77242	
1	0.607068	1.90819	2.49634	
1	0.04795	0.956363	3.72435	
1	1.91558	1.10498	6.12721	
1	1.23007	2.09361	4.989	
1	0.374952	1.56912	3.81405	
1	1.8422	0.969934	1.17039	
1	-1.36794	0.718459	2.61305	
1	1.93265	2.13282	5.33825	
1	3.2153	2.09864	5.68721	
1	1.0284	1.59906	4.07544	
1	1.95721	1.59696	3.61892	
1	2.45309	2.10457	0.586781	
1	2.00254	1.64219	5.82549	
1	2.2682	1.61873	4.30794	
1	0.687118	1.83618	0.415716	
1	1.66426	1.90107	2.42592	
1	1.11024	1.07637	0.735308	
1	2.5626	2.58408	5.61834	
1	1.88578	2.50605	0.677908	
1	2.50242	1.88958	3.55468	
1	2.06415	1.55204	2.02779	
1	1.93575	1.03163	3.27257	
1	1.93322	1.14192	4.11936	
1	2.00013	2.15584	-0.121097	
1	1.89848	1.88353	4.70885	
1	0.662881	2.4899	2.26147	
1	1.84831	1.92668	0.495067	
1	1.51042	1.49116	3.18234	
1	1.80071	2.55168	4.5643	
1	2.37423	1.95199	2.49974	
1	2.00088	1.56166	2.76319	
1	1.88839	2.13401	3.99313	
1	1.42099	2.55309	-0.661129	
1	3.46914	1.55506	3.89735	
1	1.29252	2.16205	0.13024	
1	1.24599	2.05841	0.808898	
1	2.50979	0.593813	1.05089	
1	2.53875	0.615571	3.86915	
1	-1.43405	1.43348	2.53206	
1	0.901054	1.54819	1.05501	
1	1.67078	1.60656	0.0155475	
1	1.6654	1.62281	5.22776	
1	2.48852	2.45018	1.68429	
1	1.39162	1.23773	3.69439	
1	2.22991	1.57528	0.201007	
1	-1.97089	3.06059	-0.271545	
1	0.873606	1.58324	1.9244	
1	1.39564	2.54914	3.49151	
1	1.89031	2.09371	3.04027	
1	-0.332776	1.68871	2.53547	
1	1.88425	2.0714	1.15734	
1	0.259378	1.51871	1.46915	
2	1.48115	0.65975	3.66223	
2	1.76496	0.924026	2.04084	
2	0.696631	1.95376	4.61968	
2	1.21073	1.50488	2.5704	
2	2.84031	1.56231	4.63564	
2	1.2885	1.1237	5.1209	
2	0.765979	2.11342	3.61703	
2	0.777822	1.10315	5.58234	
2	2.46487	1.22903	-0.421085	
2	1.12013	2.121	2.93881	
2	1.91764	1.16869	5.35745	
2	1.20773	2.03866	2.09125	
2	1.3252	1.01431	4.39369	
2	1.77065	0.627607	4.8264	
2	1.27782	2.14252	4.29899	
2	1.25272	1.54513	4.70417	
2	0.702322	0.555083	2.80244	
2	-0.64235	2.56506	1.32749	
2	2.47128	1.26552	3.64485	
2	1.21188	1.58101	0.413712	
2	3.03536	1.05142	4.60922	
2	1.02345	1.70819	-0.237065	
2	1.54365	0.656042	6.73838	
2	0.601082	1.33663	2.64737	
2	1.07974	1.01507	2.29056	
2	0.778573	1.29433	4.73918	
2	0.998728	1.63786	5.32197	
2	1.91992	-0.112634	2.91647	
2	2.19389	1.66206	0.976264	
2	1.34805	1.92308	1.49404	
2	1.18222	-0.536656	-0.490648	
2	1.1474	0.648187	1.55245	
2	0.533072	1.24419	0.278259	
2	1.63947	1.60323	4.20198	
2	0.606427	1.04014	1.41622	
2	2.38	0.994733	2.48919	
2	1.53899	1.49046	0.872192	
2	1.5095	1.93599	3.57153	
2	1.3671	2.50027	1.52571	
2	1.76583	1.47924	1.47559	
2	2.57552	1.84716	5.6996	
2	2.49667	1.87901	1.59796	
2	0.745275	0.686638	4.8723	
2	1.20452	1.16214	6.24727	
2	0.762374	1.09963	3.54256	
