1	0.89211	1.5843	4.03644	
1	1.95836	1.46386	3.61217	
1	2.43206	2.19636	0.450315	
1	1.98546	1.69896	5.68491	
1	2.15621	1.52653	4.31909	
1	0.674391	1.92538	0.561555	
1	1.8124	1.9432	2.55541	
1	1.27961	1.01889	0.801615	
1	2.5269	2.54156	5.52001	
1	1.77642	2.53287	0.551658	
1	2.39504	1.85282	3.72264	
1	2.2224	1.5365	2.21447	
1	1.88917	0.893965	3.18053	
1	1.94053	1.09807	4.0536	
1	1.92389	2.12351	-0.167156	
1	1.67836	1.81844	4.67433	
1	0.708466	2.48277	2.65956	
1	1.78111	1.91942	0.584273	
1	1.66649	1.56632	3.14168	
1	1.71257	2.50136	4.59237	
1	2.45042	2.09871	2.59419	
1	2.25215	1.50832	2.9591	
1	1.88783	2.01901	3.98871	
1	1.26432	2.59299	-0.597475	
1	3.48661	1.64294	3.81068	
1	1.16913	2.12763	0.161713	
1	1.25885	2.05524	0.942822	
1	2.48383	0.70358	1.59448	
1	2.55525	0.568094	3.36209	
1	-1.42165	1.33147	2.60618	
1	1.03906	1.55109	1.06398	
1	1.61388	1.61805	-0.0391135	
1	1.49766	1.62014	5.23493	
1	2.4028	2.49449	1.60588	
1	1.33823	1.2538	3.65997	
1	2.27768	1.64715	0.170322	
1	-2.20894	3.16825	0.163534	
1	0.944654	1.54249	1.87139	
1	1.59709	2.42392	3.49522	
1	1.99319	2.00911	3.21144	
1	-0.368328	1.61102	2.49887	
1	1.83438	2.12736	1.24189	
1	0.361959	1.5438	1.3492	
2	1.41976	0.639231	3.91288	
2	1.8331	1.06963	1.96929	
2	0.630067	1.93032	4.53611	
2	1.11729	1.48594	2.59613	
2	2.69745	1.66086	4.66422	
2	1.24172	1.0666	5.18661	
2	0.856104	2.02323	3.5875	
2	0.75014	1.045	5.79532	
2	2.56944	1.29885	-0.538998	
2	1.30776	2.02103	3.05459	
2	1.94343	1.1638	5.38378	
2	1.19154	2.04474	2.24862	
2	1.22542	1.04529	4.49708	
2	2.03278	0.625223	4.76462	
2	1.22614	2.06391	4.25466	
2	1.12224	1.58869	4.63982	
2	0.595176	0.609786	2.74524	
2	-0.670445	2.50727	1.07197	
2	2.52201	1.24758	3.59503	
2	1.25902	1.58824	0.43997	
2	3.09153	1.08557	5.2913	
2	0.953816	1.62659	-0.104173	
2	1.86756	0.63235	6.8399	
2	0.561835	1.35271	2.47372	
2	1.13203	0.955122	2.28663	
2	0.624134	1.26982	4.71733	
2	0.985263	1.62025	5.38943	
2	2.32577	-0.0401244	2.63217	
2	2.1935	1.61776	0.951455	
2	1.37061	1.86945	1.63475	
2	1.4567	-0.560451	-0.619691	
2	1.34294	0.61841	1.54063	
2	0.644891	1.28557	0.422579	
2	1.53057	1.52933	4.24222	
2	0.760999	1.05328	1.4435	
2	2.33428	1.04006	2.51332	
2	1.59773	1.58116	1.07888	
2	1.38664	1.75935	3.66465	
2	1.32898	2.46603	1.73275	
2	1.91552	1.58018	1.57617	
2	2.48852	1.94923	5.80443	
2	2.43219	1.82912	1.53597	
2	0.704457	0.628214	4.79692	
2	1.19274	1.01344	6.38041	
2	0.786235	1.0221	3.69272	
2	1.50941	1.49251	2.07638	
2	2.43612	0.690946	5.84324	
2	1.2947	1.25457	1.51805	
2	1.34155	1.93578	5.78229	
2	1.78265	1.26383	2.60879	
2	1.76494	1.21858	4.67643	
2	1.20775	0.993985	3.10713	
2	0.707617	2.53268	0.70183	
2	1.70559	2.47543	2.55934	
2	2.4582	1.05555	6.86152	
2	1.80972	1.22733	0.514735	
2	1.93491	2.06324	1.93441	
2	-0.0702895	1.98949	-0.321926	
