2	2.45743	1.2962	1.45459	
2	2.3282	2.10277	4.62809	
#ITERATION
45000
#type theta	psi	phi
1	0.678881	2.09451	5.81005	
1	0.959475	1.52461	3.34884	
1	0.670972	3.83916	6.65368	
1	3.51636	1.55984	5.85511	
1	0.69078	2.08142	1.59583	
1	-0.62117	0.767888	3.51529	
1	2.07347	1.52857	5.09004	
1	2.46916	1.07538	4.56408	
1	0.64353	1.85092	2.67208	
1	0.0507268	1.1891	4.38362	
1	1.85776	1.09592	6.07924	
1	1.23786	2.09883	5.05793	
1	0.450201	1.60928	3.77821	
1	1.87255	1.1282	1.1496	
1	-1.56153	0.670069	2.60954	
1	1.94949	2.03123	5.41208	
1	3.18598	2.0414	5.93741	
1	0.970978	1.60422	4.02459	
1	1.9871	1.45236	3.59327	
1	2.52005	2.05558	0.471913	
1	2.02467	1.61152	5.81095	
1	2.16735	1.55172	4.22976	
1	0.66911	1.98045	0.516595	
1	1.77305	1.87554	2.57807	
1	1.24458	1.10205	0.786978	
1	2.58287	2.54219	5.84169	
1	1.80523	2.51511	0.609024	
1	2.44446	1.83348	3.70262	
1	2.25391	1.59652	2.28889	
1	1.90428	0.990841	3.13043	
1	1.88141	1.0568	4.14105	
1	2.03954	2.11585	-0.0706505	
1	1.72166	1.89748	4.72718	
1	0.641293	2.51021	2.66873	
1	1.74821	1.97131	0.594722	
1	1.5693	1.51552	3.11922	
1	1.81323	2.53311	4.68724	
1	2.33628	2.08313	2.72621	
1	2.1665	1.5572	2.95911	
1	1.92683	2.06868	4.06731	
1	1.56364	2.48877	-0.579754	
1	3.49831	1.57767	3.52541	
1	1.19084	2.2218	0.213386	
1	1.15867	2.19183	0.995	
1	2.4937	0.637917	1.22471	
1	2.42105	0.563577	3.62554	
1	-1.42101	1.27754	2.56266	
1	0.935756	1.61198	1.07523	
1	1.66163	1.67693	-0.0494798	
1	1.53518	1.58136	5.30319	
1	2.37712	2.50811	1.67864	
1	1.47749	1.15516	3.58547	
1	2.16954	1.54403	0.13574	
1	-2.27846	3.07849	-0.335064	
1	1.05134	1.61959	2.05066	
1	1.40053	2.49356	3.68877	
1	1.9309	2.09596	3.28644	
1	-0.394775	1.57887	2.68651	
1	1.94874	2.13405	1.14581	
1	0.357496	1.57413	1.23597	
2	1.24411	0.577795	3.72773	
2	1.91305	0.994312	1.88127	
2	0.630487	1.91656	4.68813	
2	1.21296	1.51254	2.66876	
2	2.78936	1.60799	4.4914	
2	1.24916	1.03274	5.19432	
2	0.759274	2.12505	3.67071	
2	0.776372	1.0327	5.75138	
2	2.45976	1.31334	-0.613557	
2	1.24834	2.05528	3.0392	
2	1.92663	1.00463	5.25588	
2	1.3115	2.07149	2.23208	
2	1.11766	1.12718	4.33762	
2	1.68799	0.615481	4.70855	
2	1.29221	2.09826	4.28316	
2	1.12716	1.66197	4.65266	
2	0.41559	0.594414	2.80652	
2	-0.674217	2.5283	1.40267	
2	2.45146	1.22272	3.4442	
2	1.2172	1.65331	0.449386	
2	3.13974	1.09497	4.60328	
2	0.983219	1.52495	-0.160842	
2	1.56737	0.571915	6.77268	
2	0.650221	1.22989	2.59643	
2	1.20715	1.03662	2.085	
2	0.592224	1.2764	4.66896	
2	0.946216	1.55933	5.40467	
2	1.73554	-0.0227502	3.00367	
2	2.15675	1.64155	0.896571	
2	1.41591	1.90912	1.49606	
2	1.43826	-0.58178	-0.678514	
2	1.37108	0.634962	1.52559	
2	0.720109	1.26842	0.446539	
2	1.56573	1.56675	4.11919	
2	0.75505	1.01564	1.35381	
2	2.47034	1.0189	2.34937	
