2	1.35818	1.08294	5.01367	
2	0.612627	2.05238	3.73557	
2	0.732712	0.983361	5.68252	
2	2.55021	1.23643	-0.479927	
2	1.1375	2.1586	2.96022	
2	1.91388	1.06527	5.35174	
2	1.13318	2.11392	2.19166	
2	1.39404	1.12815	4.35368	
2	1.93164	0.603526	4.5358	
2	1.28334	2.15643	4.45163	
2	1.31131	1.57028	4.71515	
2	0.54766	0.605836	2.8097	
2	-0.585021	2.3796	1.79685	
2	2.45738	1.2915	3.37925	
2	1.32902	1.52072	0.538488	
2	2.98076	1.06143	2.81304	
2	0.965893	1.50701	-0.169663	
2	1.8869	0.611553	6.79839	
2	0.591995	1.25324	2.78636	
2	1.13017	1.02552	2.21023	
2	0.764652	1.15824	4.599	
2	1.07438	1.52232	5.26564	
2	0.742981	0.0109631	3.40959	
2	2.21597	1.59898	1.0233	
2	1.25875	1.91433	1.59557	
2	1.46746	-0.615664	-0.378493	
2	1.40758	0.667766	1.53854	
2	0.74122	1.15456	0.315229	
2	1.70967	1.69925	4.09256	
2	0.682096	1.03687	1.46755	
2	2.2386	1.00033	2.51549	
2	1.67705	1.47908	1.02942	
2	1.38581	1.97132	3.6115	
2	1.26981	2.45635	1.39533	
2	1.8034	1.56964	1.59885	
2	2.52886	1.87496	5.80631	
2	2.36282	1.88741	1.63911	
2	0.853956	0.593485	4.78425	
2	1.33263	1.00823	6.38086	
2	0.824704	1.00287	3.67835	
2	1.37243	1.59325	2.06671	
2	2.58436	0.691184	5.5456	
2	1.28869	1.24207	1.53251	
2	1.42369	1.86974	5.69301	
2	1.66215	1.24277	2.61948	
2	1.86796	1.28023	4.70151	
2	1.1258	1.20401	3.01305	
2	0.804573	2.45501	0.40397	
2	1.7158	2.53124	2.65429	
2	2.54833	1.09182	6.8522	
2	1.92351	1.23623	0.583164	
2	1.78801	2.16163	1.97875	
2	0.0989018	2.04143	-0.0751124	
2	2.37627	1.2562	1.70141	
2	2.48836	2.16723	4.70005	
#ITERATION
52000
#type theta	psi	phi
1	0.77352	2.04393	5.70219	
1	0.917163	1.56382	3.29028	
1	0.709153	3.84018	6.61243	
1	3.61116	1.65385	5.60837	
1	0.666395	2.05806	1.28962	
1	-0.71544	0.52441	3.39342	
1	2.27477	1.58127	5.07879	
1	2.46787	1.07272	4.68009	
1	0.541187	1.95664	2.53514	
1	0.0586299	1.04953	4.88216	
1	1.9093	1.02852	6.12513	
1	1.29594	2.04181	5.10411	
1	0.27343	1.55761	3.9422	
1	1.84832	1.0041	1.2713	
1	-1.63264	0.525328	2.49878	
1	1.93744	2.04501	5.35488	
1	3.1273	2.15713	5.63153	
1	0.986411	1.59651	3.91819	
1	1.87366	1.61968	3.60209	
1	2.51674	1.98382	0.666172	
1	2.12834	1.5401	5.78512	
1	2.13771	1.63599	4.20133	
1	0.664673	1.79558	0.311452	
1	1.59917	1.89556	2.62023	
1	1.22046	0.959522	0.975504	
1	2.56353	2.59519	5.42835	
1	1.98841	2.52688	0.498322	
1	2.41406	1.91934	3.51173	
1	2.09534	1.50537	2.24895	
1	1.80601	1.07191	3.29315	
1	1.99183	1.14163	3.91604	
1	2.00746	2.02626	0.0134904	
1	1.74226	1.93704	4.65468	
1	0.387832	2.54963	2.65914	
1	1.90116	1.87617	0.60628	
1	1.44018	1.49422	3.07042	
1	1.66562	2.56096	4.70825	
1	2.26481	2.01466	2.60973	
1	2.237	1.5071	3.02217	
1	1.85865	2.15352	3.97854	
1	1.38054	2.50976	-0.397699	
1	3.50786	1.48452	4.06933	
1	1.25412	2.0313	0.102548	
