2	2.54409	1.93761	5.75685	
2	2.4904	2.00557	1.64195	
2	0.875614	0.659702	4.66132	
2	1.29789	0.925301	6.39923	
2	0.737092	1.06883	3.555	
2	1.60245	1.66843	1.99691	
2	2.69141	0.605023	5.80814	
2	1.41002	1.2573	1.54998	
2	1.38113	1.83049	5.72915	
2	1.70416	1.30195	2.55403	
2	1.82068	1.20875	4.6809	
2	1.23722	1.13979	2.95468	
2	0.58921	2.41191	0.324266	
2	1.61505	2.6259	2.60723	
2	2.4274	1.01342	6.68276	
2	1.84009	1.26647	0.413396	
2	1.83576	2.17737	1.95122	
2	0.0391954	1.98823	-0.0860009	
2	2.45456	1.37363	1.65533	
2	2.35767	2.18986	4.65127	
#ITERATION
55000
#type theta	psi	phi
1	0.876635	2.07543	5.78261	
1	0.896655	1.53888	3.16515	
1	0.743919	3.7494	6.64312	
1	3.60431	1.68345	5.80813	
1	0.754536	2.24237	1.23663	
1	-0.69113	0.690182	3.58566	
1	2.29302	1.52831	4.96619	
1	2.46133	0.954993	4.683	
1	0.604949	1.82181	2.54406	
1	-0.15172	1.11155	4.46203	
1	2.01032	1.02914	6.12168	
1	1.37019	2.02192	5.15077	
1	0.343803	1.44703	3.60498	
1	1.77917	1.05249	1.08438	
1	-1.37637	0.550266	2.57822	
1	1.98935	2.11022	5.24889	
1	3.12156	2.01666	5.91514	
1	0.941259	1.52953	3.94186	
1	1.92118	1.56806	3.54277	
1	2.3859	2.08173	0.55741	
1	2.05321	1.4851	5.63691	
1	2.14249	1.52602	4.16737	
1	0.643144	1.84641	0.334819	
1	1.73438	2.0197	2.51293	
1	1.16643	1.11753	0.849124	
1	2.56096	2.42868	5.89485	
1	1.83554	2.51685	0.476694	
1	2.35593	1.91501	3.57157	
1	2.11985	1.63098	2.24446	
1	1.86168	1.04963	3.17999	
1	2.00229	1.03422	3.84114	
1	1.98412	1.94824	-0.258626	
1	1.85026	1.75973	4.60946	
1	0.436635	2.55656	2.66707	
1	1.82262	1.86884	0.449552	
1	1.51624	1.63723	3.03621	
1	1.82832	2.57511	4.58952	
1	2.30799	2.15914	2.60643	
1	2.10742	1.69534	2.86724	
1	1.83139	2.16942	4.0373	
1	1.56464	2.40686	-0.482697	
1	3.48053	1.55927	3.62467	
1	1.31634	1.99727	0.129617	
1	1.27328	2.0696	0.74277	
1	2.31802	0.699943	1.53424	
1	2.50678	0.644644	3.33548	
1	-1.49484	1.18861	2.58527	
1	1.01971	1.65374	1.00374	
1	1.65058	1.51916	-0.0987747	
1	1.65451	1.45948	5.18922	
1	2.51519	2.56618	1.62503	
1	1.35203	1.22056	3.61477	
1	2.22924	1.52991	0.100056	
1	-3.08224	3.17952	-0.351756	
1	0.947288	1.66933	1.80381	
1	1.32173	2.55093	3.64063	
1	1.85228	2.11972	3.22181	
1	-0.398936	1.56599	2.46562	
1	1.86531	2.01982	1.0753	
1	0.44955	1.56527	1.37953	
2	1.49025	0.6401	3.58434	
2	1.91654	1.07884	1.99986	
2	0.721344	1.78641	4.62835	
2	1.17166	1.68775	2.52741	
2	2.77598	1.5272	4.25502	
2	1.1907	0.972138	5.07426	
2	0.653718	2.08086	3.64708	
2	0.761357	1.0955	5.70432	
2	2.55088	1.20516	-0.685868	
2	1.14092	2.09729	3.0005	
2	1.95696	0.940561	5.28919	
2	1.00291	2.15068	2.20655	
2	1.32922	1.00041	4.31068	
2	1.77934	0.575172	4.63682	
2	1.26481	2.00899	4.36558	
2	1.25259	1.53504	4.7172	
2	0.687961	0.69742	2.47569	
2	-0.860667	2.51726	1.81519	
