1	1.89573	1.14095	4.02843	
1	1.94129	2.06236	-0.002698	
1	1.6938	1.90554	4.80119	
1	0.803158	2.4682	2.66692	
1	1.62363	1.91308	0.555419	
1	1.59829	1.50751	3.08797	
1	1.94184	2.5688	4.85662	
1	2.37412	2.0737	2.70049	
1	2.1998	1.48541	3.11933	
1	1.90906	2.10127	4.14951	
1	1.3615	2.54703	-0.300498	
1	3.48257	1.58215	3.80245	
1	1.11534	2.01554	0.192358	
1	1.15015	1.94664	0.928951	
1	2.41974	0.650292	1.5257	
1	2.61582	0.577515	3.7504	
1	-1.42311	1.2791	2.59079	
1	0.874323	1.52929	1.25135	
1	1.58268	1.60498	0.037557	
1	1.58652	1.60387	5.27743	
1	2.47092	2.37819	1.72863	
1	1.36725	1.24359	3.64235	
1	2.17503	1.5287	0.126236	
1	-2.56768	3.10708	0.280688	
1	0.938359	1.51076	1.98313	
1	1.41431	2.43597	3.55517	
1	1.92985	2.02149	3.28001	
1	-0.307765	1.57245	2.48718	
1	1.90083	2.05372	1.15315	
1	0.39807	1.54834	1.62576	
2	1.46578	0.630614	3.71064	
2	1.9237	1.05344	2.02711	
2	0.643317	2.00217	4.59921	
2	1.15539	1.56219	2.59136	
2	2.82292	1.55055	4.68003	
2	1.2197	1.04286	5.09273	
2	0.712405	2.12098	3.51941	
2	0.744657	0.985666	5.79809	
2	2.5075	1.26799	-0.660963	
2	1.2727	2.03072	2.9915	
2	1.99081	1.07736	5.31648	
2	1.22053	2.05328	2.2239	
2	1.28209	1.00549	4.37134	
2	1.80541	0.665416	4.70905	
2	1.27029	2.13376	4.30062	
2	1.15364	1.5805	4.67778	
2	0.674466	0.536825	2.52739	
2	-0.641133	2.57731	1.29371	
2	2.46248	1.29294	3.81043	
2	1.0832	1.5048	0.469213	
2	3.10333	1.04977	4.19184	
2	0.921295	1.53944	-0.33003	
2	1.7464	0.540463	6.69458	
2	0.665671	1.22601	2.63768	
2	1.21004	1.04434	2.22224	
2	0.652464	1.23433	4.56819	
2	0.894387	1.59687	5.26718	
2	1.23602	0.0181264	3.2123	
2	2.13184	1.49504	0.820615	
2	1.32353	1.91154	1.54072	
2	1.30278	-0.59088	-0.434649	
2	1.42614	0.621506	1.53064	
2	0.634435	1.13448	0.568687	
2	1.50465	1.59455	4.23659	
2	0.696257	1.01402	1.52896	
2	2.34156	1.07789	2.60871	
2	1.53242	1.52837	1.07128	
2	1.42527	1.83467	3.71377	
2	1.5567	2.52352	1.53524	
2	1.91947	1.4455	1.55115	
2	2.57675	1.94661	5.81486	
2	2.40426	1.86518	1.57709	
2	0.786091	0.585102	4.70354	
2	1.3607	1.03017	6.31892	
2	0.71291	0.922583	3.66925	
2	1.5414	1.54318	2.1417	
2	2.50829	0.61673	5.8874	
2	1.33626	1.28785	1.61509	
2	1.45235	1.90056	5.805	
2	1.66015	1.1946	2.62003	
2	1.73695	1.28119	4.73325	
2	1.2057	0.979595	3.03262	
2	0.690117	2.50534	0.584861	
2	1.77267	2.44207	2.55266	
2	2.44177	1.04943	6.79103	
2	1.72264	1.22304	0.534384	
2	1.82806	2.06664	1.89194	
2	0.0262849	2.16061	-0.188203	
2	2.47476	1.23944	1.58337	
2	2.50793	2.09207	4.73681	
#ITERATION
49000
#type theta	psi	phi
1	0.76576	2.05352	5.78265	
1	1.0266	1.52869	3.3265	
1	0.721779	3.75495	6.69521	
1	3.56389	1.61559	5.76784	
1	0.740977	2.02219	1.6786	
1	-0.71093	0.622106	3.46263	
1	2.32006	1.60412	5.00631	
1	2.57004	1.03045	4.7634	
