2	1.82583	1.25088	2.46174	
2	1.87878	1.22381	4.71912	
2	1.32087	1.06215	2.99341	
2	0.680517	2.53728	0.61836	
2	1.60037	2.44411	2.52794	
2	2.46385	1.05561	6.73786	
2	1.68399	1.28861	0.459735	
2	1.96518	2.06715	1.92805	
2	-0.0836412	2.01981	-0.748857	
2	2.56583	1.32099	1.58813	
2	2.47325	2.17606	4.63039	
#ITERATION
50000
#type theta	psi	phi
1	0.725132	2.12171	5.70364	
1	0.939452	1.62686	3.41502	
1	0.636466	3.69464	6.75514	
1	3.47048	1.61951	5.6328	
1	0.640731	1.98656	1.69789	
1	-0.56827	0.597806	3.56439	
1	2.3253	1.54897	5.0072	
1	2.46403	1.03877	4.63957	
1	0.548424	1.82701	2.76821	
1	0.00702486	1.06488	4.45077	
1	1.93789	1.11196	6.15824	
1	1.31345	2.03995	5.02973	
1	0.39172	1.56127	3.86796	
1	1.9726	1.11951	1.17231	
1	-1.41664	0.644509	2.60902	
1	1.95736	2.03392	5.3836	
1	3.16957	2.17687	5.61027	
1	1.1137	1.59676	4.12499	
1	1.91724	1.51665	3.62614	
1	2.3907	2.14807	0.492333	
1	2.05144	1.63168	5.90003	
1	2.35668	1.63202	4.10478	
1	0.686088	1.97761	0.500915	
1	1.7803	1.91395	2.60699	
1	1.27823	1.0272	0.774892	
1	2.43302	2.54333	5.82036	
1	1.6041	2.48173	0.552695	
1	2.51761	1.96168	3.46395	
1	2.17262	1.54266	2.20585	
1	1.89144	1.06571	3.21084	
1	1.93292	1.01101	4.02012	
1	1.89235	2.12486	-0.105848	
1	1.84661	1.83409	4.6668	
1	0.493992	2.51303	2.52461	
1	1.74685	1.88886	0.522481	
1	1.5526	1.52752	3.21306	
1	1.75549	2.61539	4.86983	
1	2.38554	2.16404	2.57044	
1	2.19187	1.61053	2.96412	
1	2.00248	2.05149	3.99453	
1	1.39866	2.41778	-0.557028	
1	3.51061	1.66217	3.52307	
1	1.17819	1.97663	0.00745769	
1	1.29343	2.01934	0.874857	
1	2.47956	0.568456	1.35111	
1	2.56913	0.69943	3.47302	
1	-1.50644	1.26317	2.528	
1	1.00819	1.56281	1.25153	
1	1.54131	1.52241	-0.0111738	
1	1.66584	1.57523	5.20847	
1	2.33618	2.54761	1.57162	
1	1.37872	1.31545	3.70548	
1	2.18921	1.61389	0.25565	
1	-2.82567	3.15716	-0.34865	
1	0.917979	1.57853	2.07244	
1	1.34585	2.54761	3.81913	
1	1.84566	2.23544	3.24291	
1	-0.46213	1.48075	2.39233	
1	1.82262	2.03028	1.22828	
1	0.281355	1.51122	1.27468	
2	1.41928	0.609239	3.67358	
2	1.9115	1.00984	1.89403	
2	0.748304	1.89775	4.55362	
2	1.2325	1.59843	2.64862	
2	2.86745	1.62301	4.53212	
2	1.3407	1.05973	5.10369	
2	0.81348	2.11572	3.69068	
2	0.766826	1.02409	5.68426	
2	2.53457	1.23049	-0.339051	
2	1.27666	2.01105	3.00809	
2	1.99704	1.10723	5.31727	
2	1.19468	2.06842	2.3441	
2	1.29621	1.01194	4.31564	
2	1.84162	0.608674	4.80382	
2	1.37754	2.08934	4.42233	
2	1.26009	1.5501	4.74667	
2	0.633287	0.620612	2.60245	
2	-0.77532	2.46852	1.54982	
2	2.46348	1.2547	3.56416	
2	1.20514	1.57915	0.470278	
2	3.15477	1.10344	3.23701	
2	0.991491	1.56405	-0.278864	
2	1.72967	0.677188	6.7895	
2	0.659736	1.24377	2.70168	
2	1.21226	1.01666	2.17073	
2	0.751534	1.2317	4.65335	
2	0.946872	1.68314	5.28668	
