1	0.681941	1.78863	2.66568	
1	0.0989665	1.05413	4.5216	
1	1.92367	1.06557	6.08654	
1	1.05496	2.16134	5.13207	
1	0.465026	1.49411	3.60121	
1	1.98811	1.04207	1.06288	
1	-1.37493	0.626729	2.59423	
1	1.88581	2.1484	5.36943	
1	3.20521	2.24566	5.75884	
1	1.00995	1.55484	4.04527	
1	1.91323	1.67462	3.68639	
1	2.36724	2.18984	0.383191	
1	1.94033	1.66398	5.76047	
1	2.21339	1.73218	4.30541	
1	0.545152	1.91499	0.627611	
1	1.70491	1.88626	2.46375	
1	1.20594	1.08133	0.835671	
1	2.49471	2.56025	5.66767	
1	1.63099	2.56561	0.495023	
1	2.45259	1.9023	3.58824	
1	2.18006	1.62574	2.13514	
1	1.96214	1.21089	3.22463	
1	1.97795	1.02581	4.09492	
1	1.91164	2.13653	-0.175613	
1	1.66525	1.98664	4.73299	
1	0.620917	2.44785	2.59172	
1	1.74445	1.81667	0.527947	
1	1.54642	1.60648	3.08777	
1	1.64741	2.58809	4.70303	
1	2.32882	2.16034	2.59731	
1	2.12606	1.68898	2.92574	
1	1.82314	2.18852	3.90692	
1	1.30087	2.46634	-0.51173	
1	3.57277	1.65634	3.57501	
1	1.21003	2.11445	0.0944911	
1	1.21184	2.13364	0.867514	
1	2.52444	0.739173	1.74069	
1	2.50596	0.607772	3.30562	
1	-1.39262	1.29576	2.61197	
1	0.876626	1.57851	1.20332	
1	1.53417	1.64289	0.0203138	
1	1.71132	1.58187	5.14042	
1	2.25776	2.5831	1.65542	
1	1.46359	1.29879	3.61758	
1	2.15822	1.57629	0.0927019	
1	-2.43	3.1325	0.007552	
1	0.954327	1.55061	1.94644	
1	1.32338	2.46928	3.57914	
1	1.84951	2.1604	3.21073	
1	-0.364223	1.5742	2.58529	
1	1.96085	2.06752	1.12407	
1	0.3978	1.47162	1.71447	
2	1.59719	0.741077	3.58788	
2	1.97879	1.05877	1.88602	
2	0.611302	1.73588	4.6444	
2	1.17728	1.55677	2.6601	
2	2.78682	1.68213	4.39049	
2	1.3172	0.950174	5.07558	
2	0.689198	2.08711	3.61916	
2	0.785852	1.05211	5.58977	
2	2.50401	1.33389	-0.515576	
2	1.12389	2.10352	2.95799	
2	1.97394	1.15452	5.35617	
2	1.14248	2.0463	2.24259	
2	1.33842	1.10156	4.27099	
2	1.92154	0.558886	4.65637	
2	1.17498	2.09651	4.21342	
2	1.26539	1.61597	4.69843	
2	0.56106	0.6064	2.90207	
2	-0.489599	2.51215	1.4986	
2	2.47374	1.2556	3.83787	
2	1.16576	1.63512	0.542256	
2	3.16157	1.02828	3.66867	
2	0.924441	1.5458	-0.117124	
2	1.72519	0.693102	6.77554	
2	0.687709	1.16654	2.73587	
2	1.34371	1.0676	2.20815	
2	0.74817	1.19695	4.73155	
2	1.04912	1.56558	5.32866	
2	1.04637	-0.0716067	3.6237	
2	2.20418	1.53904	0.820342	
2	1.45238	1.93573	1.55629	
2	1.49299	-0.654093	-0.547773	
2	1.41587	0.650024	1.46109	
2	0.554907	1.29391	0.53479	
2	1.63284	1.57535	4.26346	
2	0.721625	0.930658	1.54867	
2	2.4476	1.12671	2.71323	
2	1.52079	1.61316	1.0122	
2	1.45597	1.85906	3.62542	
2	1.22723	2.49109	1.50645	
2	1.77253	1.46723	1.4596	
2	2.55511	1.89482	5.71739	
2	2.51588	1.96409	1.47822	
2	0.690496	0.633373	4.56732	
2	1.19418	1.07164	6.46846	
2	0.857015	1.00543	3.67756	
2	1.55	1.59525	1.99652	
2	2.53249	0.607238	5.70843	
2	1.23979	1.21343	1.52394	
2	1.40562	1.88894	5.82489	
