#type theta	psi	phi
1	0.832905	2.01281	5.81456	
1	0.939241	1.58654	3.17276	
1	0.868221	3.68077	6.83293	
1	3.56621	1.71761	5.93717	
1	0.654599	2.00567	1.42325	
1	-0.600214	0.519069	3.66516	
1	2.27027	1.58788	4.9202	
1	2.49202	1.08071	4.61731	
1	0.522088	1.78277	2.5584	
1	-0.0550032	1.01411	4.65936	
1	2.00764	1.01289	5.9531	
1	1.23985	2.0989	5.07441	
1	0.393339	1.55124	3.72808	
1	1.94828	1.10106	1.27795	
1	-1.46688	0.613073	2.48807	
1	1.98327	2.06832	5.25656	
1	3.18856	2.19989	5.68654	
1	1.01218	1.52522	4.0612	
1	1.89777	1.61981	3.64419	
1	2.38386	2.05489	0.577333	
1	1.97866	1.60468	5.68225	
1	2.20138	1.53839	4.19531	
1	0.70269	1.78523	0.413933	
1	1.66336	1.96122	2.48764	
1	1.24683	0.996318	0.989907	
1	2.342	2.61235	5.49534	
1	1.82922	2.50217	0.405629	
1	2.42317	1.89802	3.67219	
1	2.09295	1.6116	2.2575	
1	1.7975	1.06737	3.25495	
1	1.86423	1.09802	3.99237	
1	1.80418	2.05386	-0.209334	
1	1.75391	1.91931	4.67616	
1	0.500981	2.44304	2.52987	
1	1.80355	1.88181	0.511195	
1	1.57273	1.57589	3.0696	
1	1.64755	2.51236	4.73385	
1	2.37247	2.16435	2.54461	
1	2.14501	1.51226	3.0151	
1	1.87882	2.15845	3.9077	
1	1.3498	2.46231	-0.664575	
1	3.47581	1.57597	3.84053	
1	1.22598	2.01801	0.133204	
1	1.1912	2.096	0.769527	
1	2.46319	0.734723	1.67513	
1	2.37721	0.585728	3.55119	
1	-1.4531	1.25398	2.51292	
1	0.965244	1.58059	1.0628	
1	1.65519	1.43909	-0.160817	
1	1.65584	1.54367	5.14446	
1	2.50428	2.6263	1.50832	
1	1.33943	1.24629	3.62029	
1	2.28431	1.52201	0.0404636	
1	-2.86534	3.28272	-0.908547	
1	0.987959	1.55533	1.9057	
1	1.25979	2.53524	3.71192	
1	1.87516	2.12016	3.12387	
1	-0.398338	1.50471	2.45763	
1	1.90165	2.13595	1.23086	
1	0.357539	1.53976	1.33723	
2	1.42813	0.654379	3.49181	
2	1.92926	1.10295	1.97349	
2	0.62849	1.84282	4.83247	
2	1.18236	1.63406	2.53676	
2	2.77783	1.57088	4.40162	
2	1.18646	1.08958	5.05373	
2	0.664379	2.06192	3.58211	
2	0.817808	0.973099	5.78992	
2	2.58009	1.25955	-0.60925	
2	1.25938	2.10198	3.04043	
2	1.94152	0.994104	5.26465	
2	1.05934	2.13076	2.21584	
2	1.32546	1.08118	4.34221	
2	1.89685	0.627919	4.71587	
2	1.24564	2.11573	4.27335	
2	1.26455	1.52494	4.65668	
2	0.661186	0.702773	2.70893	
2	-0.463088	2.42449	1.48779	
2	2.44967	1.2088	3.57355	
2	1.28573	1.37573	0.530257	
2	3.01784	1.13144	2.53849	
2	1.07249	1.47462	-0.097748	
2	1.84349	0.645905	6.94248	
2	0.668582	1.23998	2.47577	
2	1.24701	1.10408	2.23847	
2	0.650899	1.16014	4.62308	
2	0.96767	1.58567	5.28843	
2	1.02489	-0.0950588	3.89939	
2	2.12828	1.54115	0.917061	
2	1.34611	1.92857	1.44918	
2	1.38948	-0.705825	-0.519783	
2	1.44534	0.636366	1.66083	
2	0.687018	1.21288	0.415177	
2	1.57028	1.58571	4.17092	
2	0.690383	0.99588	1.60947	
2	2.31412	1.15129	2.49851	
2	1.57674	1.68192	1.00842	
2	1.39151	1.87333	3.59666	
2	1.26672	2.55978	1.37701	
2	1.95669	1.70024	1.47544	
