2	2.45172	1.22503	3.46318	
2	1.31142	1.55537	0.449009	
2	3.06654	1.00268	2.39392	
2	1.06634	1.53586	-0.123537	
2	1.77241	0.633125	6.73587	
2	0.677032	1.3035	2.31231	
2	1.27596	1.08588	2.21428	
2	0.701948	1.24176	4.54225	
2	0.938127	1.57584	5.34627	
2	0.873554	0.047756	4.16699	
2	2.17482	1.60576	0.868329	
2	1.44096	1.95599	1.45563	
2	1.42622	-0.66372	-0.503404	
2	1.29351	0.573623	1.52352	
2	0.675855	1.27957	0.40256	
2	1.51854	1.55152	4.20032	
2	0.847011	1.11577	1.4869	
2	2.32707	1.20503	2.62714	
2	1.6005	1.57977	1.00711	
2	1.33924	1.81272	3.62849	
2	1.47079	2.51762	1.47049	
2	2.04558	1.58913	1.48485	
2	2.53924	1.84158	5.68076	
2	2.49013	2.02854	1.622	
2	0.518397	0.623536	4.8865	
2	1.32444	1.03429	6.38117	
2	0.793903	1.00097	3.58318	
2	1.52906	1.64406	2.09082	
2	2.59987	0.599848	5.81414	
2	1.38965	1.35441	1.57933	
2	1.49266	1.81392	5.74685	
2	1.73845	1.29609	2.56893	
2	1.76201	1.11584	4.71589	
2	1.20112	1.09572	2.91425	
2	0.871184	2.50142	0.17793	
2	1.5844	2.60454	2.59807	
2	2.32117	1.04668	6.98217	
2	1.7719	1.25142	0.480011	
2	1.84244	2.11638	1.87507	
2	0.0947739	2.07309	-0.356352	
2	2.58715	1.39563	1.57155	
2	2.39484	2.08908	4.57307	
#ITERATION
56000
#type theta	psi	phi
1	0.907964	2.09381	5.77481	
1	0.923612	1.62561	3.26811	
1	0.760041	3.70201	6.94949	
1	3.74002	1.6266	5.7662	
1	0.736138	2.06422	1.48424	
1	-0.62535	0.614517	3.74229	
1	2.22825	1.59641	5.12388	
1	2.51356	1.05712	4.55853	
1	0.709836	1.94387	2.49734	
1	-0.0675861	1.03304	4.42957	
1	1.96009	0.983942	6.10561	
1	1.23887	2.09483	5.13103	
1	0.331558	1.53674	3.51015	
1	1.90773	1.13004	1.21066	
1	-1.33498	0.551024	2.58087	
1	1.90838	2.13225	5.27991	
1	3.20016	2.17865	6.20668	
1	0.972338	1.4877	4.08532	
1	1.8948	1.55132	3.61583	
1	2.44141	2.09958	0.486081	
1	2.07092	1.4982	5.84047	
1	2.30907	1.60027	4.27706	
1	0.703117	1.76479	0.289963	
1	1.70364	1.9618	2.61212	
1	1.27842	1.01184	0.890212	
1	2.48348	2.56892	5.95246	
1	1.59129	2.47873	0.350946	
1	2.44263	1.94768	3.53383	
1	2.12251	1.48441	2.13663	
1	1.86131	1.0189	3.27316	
1	1.97752	1.0672	3.90251	
1	1.97384	2.11703	-0.242262	
1	1.77349	1.89471	4.68987	
1	0.462908	2.49504	2.62601	
1	1.74716	1.93865	0.390415	
1	1.54262	1.61003	3.16399	
1	1.69658	2.44972	4.52524	
1	2.35122	2.16945	2.55095	
1	2.02688	1.62859	3.00247	
1	1.93229	2.11258	4.05704	
1	1.49023	2.54635	-0.69638	
1	3.48254	1.56446	4.00405	
1	1.26353	1.99755	0.0782805	
1	1.1576	2.097	0.786784	
1	2.36538	0.690694	1.65181	
1	2.5166	0.597381	3.33335	
1	-1.45432	1.20944	2.63016	
1	0.966473	1.45835	1.11386	
1	1.65606	1.48322	-0.0302922	
1	1.67671	1.56135	5.18369	
1	2.41626	2.5191	1.40778	
1	1.30989	1.24369	3.6647	
1	2.23243	1.59513	0.180484	
1	-3.31349	3.1134	0.277694	
1	1.03151	1.62396	1.86564	
1	1.24421	2.55227	3.58065	
