1	2.22621	1.64589	4.20736	
1	0.690704	1.74105	0.251569	
1	1.63028	2.00101	2.64107	
1	1.2878	0.981135	0.921273	
1	2.62949	2.53234	5.80505	
1	1.6197	2.44499	0.501289	
1	2.49067	1.90268	3.52102	
1	2.16553	1.65219	2.31185	
1	1.808	1.12479	3.16039	
1	1.89525	1.01545	3.84862	
1	1.95978	2.17455	-0.0436145	
1	1.84252	1.87635	4.71806	
1	0.489888	2.34849	2.26342	
1	1.65062	1.81489	0.581102	
1	1.47062	1.6367	3.12008	
1	1.87752	2.4862	4.7875	
1	2.40561	2.2201	2.35659	
1	2.1115	1.59324	2.97181	
1	1.85659	2.18762	4.01405	
1	1.41692	2.48339	-0.6784	
1	3.56391	1.57048	3.92454	
1	1.29865	1.98914	0.038062	
1	1.10473	2.02026	0.817073	
1	2.54545	0.793652	1.572	
1	2.43923	0.619964	3.04234	
1	-1.54016	1.20323	2.57416	
1	0.956449	1.50002	1.14892	
1	1.65969	1.47776	-0.0682861	
1	1.69224	1.48836	5.23348	
1	2.20923	2.49744	1.26104	
1	1.38306	1.27262	3.68141	
1	2.16746	1.51015	0.314184	
1	-3.16875	3.25945	-1.10948	
1	0.819579	1.52668	1.93081	
1	1.27037	2.56211	3.68957	
1	1.8324	2.16362	3.30931	
1	-0.608506	1.50498	2.45515	
1	1.75333	1.99345	1.18203	
1	0.324193	1.42146	1.10492	
2	1.33442	0.650385	3.57212	
2	1.88671	1.09226	2.00218	
2	0.766237	1.92457	4.80292	
2	1.0317	1.55901	2.68897	
2	2.86495	1.60663	4.69684	
2	1.28927	0.948221	5.10365	
2	0.645339	2.08052	3.74796	
2	0.873785	1.02435	5.7639	
2	2.61625	1.27414	-0.513526	
2	1.04847	2.09908	2.97056	
2	2.10304	0.964238	5.37826	
2	1.13334	2.13374	2.16415	
2	1.2899	1.0181	4.36732	
2	1.8404	0.604655	4.59842	
2	1.29018	2.1183	4.38044	
2	1.39744	1.50753	4.78383	
2	0.638775	0.535862	2.39415	
2	-0.469948	2.45072	1.69298	
2	2.35615	1.30333	3.57978	
2	1.2045	1.50817	0.402541	
2	2.96115	1.12104	2.63222	
2	1.07609	1.53532	-0.266925	
2	1.78997	0.565853	6.88961	
2	0.547275	1.23639	2.64371	
2	1.17586	1.07595	2.20618	
2	0.750147	1.20464	4.83322	
2	1.15078	1.54581	5.3024	
2	1.06117	-0.0291405	3.39249	
2	2.18076	1.5403	1.02998	
2	1.26358	1.89543	1.54457	
2	1.40483	-0.788274	-0.552612	
2	1.59979	0.642589	1.63982	
2	0.720644	1.16032	0.397343	
2	1.67585	1.51293	4.15937	
2	0.745862	0.977139	1.39211	
2	2.32252	1.16208	2.57962	
2	1.4718	1.50486	1.03971	
2	1.31399	1.82264	3.76839	
2	1.24618	2.45806	1.51481	
2	1.89982	1.5356	1.57065	
2	2.54672	1.84742	6.11693	
2	2.38288	1.88628	1.55615	
2	0.683916	0.650454	4.67565	
2	1.2949	0.948578	6.36222	
2	0.774136	0.999716	3.8017	
2	1.48622	1.59654	2.08418	
2	2.77462	0.660072	5.78073	
2	1.37523	1.23441	1.56286	
2	1.49802	1.80648	5.7748	
2	1.5801	1.34193	2.63057	
2	1.8707	1.16167	4.73397	
2	1.12579	1.01281	3.00708	
2	0.801039	2.40561	0.248858	
2	1.6377	2.60722	2.4244	
2	2.38885	1.04106	6.90247	
2	1.73411	1.14427	0.480001	
2	1.78361	2.05969	1.9498	
2	0.175916	1.92802	-0.486463	
2	2.41269	1.33612	1.64148	
2	2.49115	2.09957	4.68628	
#ITERATION
54000
