2	0.519305	-0.00661208	3.5513	
2	2.22104	1.55674	0.923537	
2	1.40863	1.95591	1.73536	
2	1.38035	-0.641643	-0.536353	
2	1.43908	0.715696	1.52801	
2	0.704721	1.38179	0.312919	
2	1.68041	1.59262	4.16161	
2	0.750143	1.08281	1.564	
2	2.42287	1.06154	2.61214	
2	1.52968	1.53423	1.07711	
2	1.42043	1.96089	3.69236	
2	1.3035	2.51285	1.59306	
2	1.89616	1.614	1.65628	
2	2.48431	1.94292	5.78401	
2	2.46844	1.97002	1.47637	
2	0.65646	0.693498	4.66176	
2	1.25295	1.04759	6.28386	
2	0.784802	1.10529	3.70289	
2	1.45971	1.52687	2.05957	
2	2.36841	0.671923	5.97185	
2	1.36387	1.25723	1.58405	
2	1.44404	1.8189	5.69333	
2	1.77789	1.33065	2.6409	
2	1.81502	1.19764	4.68974	
2	1.26349	1.02907	3.02512	
2	0.65327	2.48347	0.471522	
2	1.75407	2.5178	2.52342	
2	2.4067	1.00639	6.86782	
2	1.80491	1.23069	0.489661	
2	1.94502	2.1023	1.96474	
2	0.0575108	2.10693	-0.466924	
2	2.45399	1.22561	1.74007	
2	2.41822	2.16573	4.71443	
#ITERATION
51000
#type theta	psi	phi
1	0.822961	2.01955	5.67746	
1	0.873635	1.68874	3.29281	
1	0.745095	3.77484	6.69053	
1	3.66644	1.55305	5.68743	
1	0.68184	2.05045	1.29131	
1	-0.678613	0.585139	3.75086	
1	2.26842	1.49849	5.16572	
1	2.40892	1.04343	4.57714	
1	0.534133	1.96794	2.58113	
1	0.0892277	1.05503	4.35704	
1	2.0077	0.9891	6.06109	
1	1.29084	2.03136	5.11438	
1	0.457536	1.52703	3.76973	
1	1.91098	1.00457	1.25611	
1	-1.51237	0.599012	2.48685	
1	1.94515	2.11095	5.33748	
1	3.19445	2.11332	5.92874	
1	1.13117	1.66992	4.08891	
1	1.93099	1.64659	3.50882	
1	2.41104	2.09111	0.580743	
1	1.97563	1.53673	5.82359	
1	2.27953	1.57289	4.20794	
1	0.665666	1.85553	0.322186	
1	1.70052	1.87419	2.6321	
1	1.22832	0.955666	0.818859	
1	2.54994	2.57773	6.07409	
1	1.77748	2.50075	0.606466	
1	2.50218	1.90859	3.55166	
1	2.15572	1.59082	2.21753	
1	1.73239	1.08939	3.26938	
1	1.86744	1.1165	3.94639	
1	1.92954	2.07086	-0.0924155	
1	1.94576	1.84768	4.66995	
1	0.45292	2.47599	2.7561	
1	1.84103	1.76464	0.440731	
1	1.51932	1.59081	3.06914	
1	1.78571	2.55965	4.89149	
1	2.34831	2.11007	2.75105	
1	2.05943	1.57128	2.95308	
1	1.94143	2.18303	3.97663	
1	1.29529	2.50578	-0.505879	
1	3.44027	1.56155	4.1502	
1	1.22772	1.95219	0.126079	
1	1.24314	2.01933	0.803044	
1	2.48151	0.596017	1.73553	
1	2.43463	0.66464	3.40874	
1	-1.38254	1.21041	2.62687	
1	0.88952	1.54218	1.1233	
1	1.63186	1.47542	-0.0400933	
1	1.6523	1.56836	5.18431	
1	2.46165	2.55325	1.72079	
1	1.42203	1.40675	3.70454	
1	2.28575	1.53323	0.208384	
1	-2.43948	3.11111	-0.765142	
1	0.803193	1.54895	2.0006	
1	1.11487	2.55174	3.82271	
1	1.8102	2.09266	3.18635	
1	-0.383305	1.5317	2.38564	
1	1.8364	2.15187	1.22898	
1	0.331261	1.49062	1.35344	
2	1.45604	0.698311	3.73969	
2	1.80125	1.19697	1.99682	
2	0.743452	1.84984	4.65933	
2	1.09572	1.63032	2.5753	
2	2.85147	1.58133	4.5878	
