1	1.25196	2.11828	0.828201	
1	2.36628	0.58479	1.62935	
1	2.53189	0.660502	3.76673	
1	-1.55689	1.21495	2.58096	
1	0.887256	1.50714	0.997709	
1	1.68155	1.58047	-0.00906453	
1	1.6836	1.5914	5.21728	
1	2.42064	2.46542	1.69938	
1	1.35688	1.33218	3.61768	
1	2.19832	1.48227	0.241445	
1	-2.83828	3.21036	-1.24244	
1	0.84631	1.57224	1.76122	
1	1.29724	2.54996	3.67556	
1	1.81745	2.16116	3.1194	
1	-0.520148	1.54577	2.49465	
1	1.92336	2.00704	1.22155	
1	0.32334	1.57602	1.19005	
2	1.30367	0.650454	3.61235	
2	1.77256	1.1056	1.97516	
2	0.768181	1.86732	4.84625	
2	1.11619	1.66002	2.38618	
2	2.8918	1.60347	4.45676	
2	1.37802	1.05615	5.067	
2	0.62161	2.04471	3.72494	
2	0.859669	1.01857	5.49982	
2	2.70308	1.24809	-0.393566	
2	1.08565	2.09754	2.94038	
2	2.02856	1.03298	5.37301	
2	1.08958	2.12683	2.03827	
2	1.29469	1.02852	4.28652	
2	1.81106	0.650221	4.64086	
2	1.22651	2.09577	4.35862	
2	1.27113	1.55665	4.7199	
2	0.518141	0.660374	2.67502	
2	-0.676709	2.41476	1.6819	
2	2.49199	1.25914	3.61817	
2	1.24167	1.5718	0.416566	
2	2.98509	1.05948	2.80311	
2	1.13074	1.5195	-0.193609	
2	1.8411	0.581954	6.74755	
2	0.548015	1.34489	2.53853	
2	1.16119	1.10229	2.24288	
2	0.668888	1.21433	4.61272	
2	1.09263	1.52946	5.34731	
2	1.05941	0.0608255	3.53057	
2	2.17344	1.50262	1.00288	
2	1.3608	1.90617	1.47372	
2	1.47281	-0.603829	-0.535089	
2	1.17583	0.567574	1.62144	
2	0.671189	1.11812	0.314369	
2	1.48922	1.56742	4.13079	
2	0.674345	1.02738	1.50319	
2	2.27257	0.985841	2.69671	
2	1.52528	1.58591	0.995206	
2	1.29411	1.99365	3.62617	
2	1.34953	2.59928	1.36936	
2	1.84551	1.54104	1.60367	
2	2.62129	1.87025	5.66572	
2	2.34621	1.80975	1.62867	
2	0.624878	0.651783	4.67671	
2	1.35936	0.993679	6.45972	
2	0.728114	1.11529	3.732	
2	1.50999	1.62486	2.04521	
2	2.67631	0.671267	5.79993	
2	1.29646	1.26379	1.59922	
2	1.55498	1.88357	5.81223	
2	1.58179	1.35747	2.52823	
2	1.81488	1.2799	4.57909	
2	1.1256	1.05318	2.94546	
2	0.705797	2.44919	0.36504	
2	1.52533	2.53429	2.49778	
2	2.51165	1.00616	7.12838	
2	1.7109	1.20122	0.623098	
2	1.81601	2.10926	1.9896	
2	0.145839	2.05594	-0.0487907	
2	2.31904	1.21582	1.72769	
2	2.42769	2.0687	4.61198	
#ITERATION
53000
#type theta	psi	phi
1	0.784064	2.10997	5.69556	
1	0.846605	1.48492	3.34909	
1	0.617056	3.79102	6.73557	
1	3.57494	1.68528	5.6475	
1	0.647636	1.97006	1.39445	
1	-0.691869	0.600045	3.56234	
1	2.30134	1.56461	5.05944	
1	2.48962	1.02648	4.41053	
1	0.547956	1.78498	2.58453	
1	0.0586927	0.995379	4.81775	
1	2.06466	1.03022	6.15237	
1	1.34732	2.04055	5.12675	
1	0.367608	1.49742	4.1278	
1	1.88084	1.11152	1.16099	
1	-1.59184	0.574383	2.53996	
1	2.05403	2.05175	5.45984	
1	3.16017	2.1238	5.72064	
1	0.967136	1.55283	4.26178	
1	1.9115	1.60473	3.64583	
1	2.22975	2.05903	0.6699	
1	2.08149	1.49729	5.73596	
