2	1.25517	2.10522	2.98625	
2	1.95903	1.06051	5.22912	
2	1.18391	2.16466	2.20491	
2	1.34927	1.06412	4.14803	
2	1.75424	0.589027	4.74157	
2	1.23749	2.08024	4.31963	
2	1.25325	1.51061	4.6003	
2	0.816605	0.617953	2.70707	
2	-0.6996	2.32418	1.57851	
2	2.42505	1.21211	3.54492	
2	1.2032	1.54671	0.460187	
2	3.11018	0.988842	2.7901	
2	0.99044	1.46231	-0.259392	
2	1.74937	0.565352	7.00615	
2	0.61302	1.22438	2.63256	
2	1.19383	1.086	2.19777	
2	0.750877	1.24482	4.54777	
2	0.978023	1.48284	5.3608	
2	-0.180854	0.0298799	4.24415	
2	2.10354	1.56402	0.893097	
2	1.27278	1.86654	1.43207	
2	1.34492	-0.678446	-0.679138	
2	1.27911	0.64163	1.72935	
2	0.589684	1.22585	0.41697	
2	1.60929	1.56122	4.08988	
2	0.62353	1.0741	1.55461	
2	2.49532	1.16286	2.54902	
2	1.49418	1.57424	0.928439	
2	1.31843	1.85871	3.63623	
2	1.28693	2.47385	1.57828	
2	1.75684	1.56845	1.50243	
2	2.58605	1.84259	5.58814	
2	2.45571	1.94293	1.54183	
2	0.65562	0.637014	4.39567	
2	1.28596	1.05269	6.37725	
2	0.709518	1.07207	3.63713	
2	1.46512	1.63027	2.05638	
2	2.49981	0.577416	5.75225	
2	1.2456	1.27827	1.55037	
2	1.40931	1.78878	5.77505	
2	1.72539	1.23331	2.59263	
2	1.80462	1.17143	4.62262	
2	1.20433	1.06997	2.96754	
2	0.597773	2.53978	0.348197	
2	1.82537	2.53371	2.62558	
2	2.3631	1.12342	6.82448	
2	1.74547	1.26678	0.438701	
2	1.88601	2.06991	2.02634	
2	0.100262	2.11287	0.0767797	
2	2.42649	1.25869	1.47963	
2	2.28876	2.09496	4.79243	
#ITERATION
61000
#type theta	psi	phi
1	0.71594	2.08226	5.77441	
1	0.817012	1.64576	3.23962	
1	0.645267	3.65681	6.96418	
1	3.59719	1.74942	5.72946	
1	0.787527	2.10411	1.36663	
1	-0.607751	0.557297	3.63149	
1	2.1776	1.56333	5.0605	
1	2.56136	1.15214	4.61387	
1	0.569176	1.96528	2.27148	
1	0.0267232	1.08199	4.879	
1	2.00988	0.856808	6.13435	
1	1.2095	2.02732	5.02916	
1	0.24543	1.55985	3.72676	
1	1.92086	1.19494	1.25955	
1	-1.29521	0.557544	2.59277	
1	1.85865	2.00159	5.35062	
1	3.17896	2.11299	4.79174	
1	0.975466	1.4925	4.1278	
1	1.90748	1.62416	3.64682	
1	2.41395	2.10865	0.602245	
1	1.99237	1.58693	5.74626	
1	2.27043	1.60298	4.36527	
1	0.714611	1.78751	0.469926	
1	1.68763	1.92114	2.6769	
1	1.21716	0.980638	0.961771	
1	2.24825	2.51149	5.66036	
1	1.59899	2.45551	0.395051	
1	2.47739	2.00097	3.6809	
1	2.16258	1.63234	2.18452	
1	1.88273	1.16268	3.2763	
1	1.97149	1.12988	4.0869	
1	1.84877	2.04392	-0.178058	
1	1.71977	1.81663	4.74163	
1	0.408298	2.58134	2.52621	
1	1.84602	1.86187	0.467668	
1	1.46783	1.56949	3.1128	
1	1.80594	2.42944	4.77171	
1	2.26568	2.20259	2.77337	
1	2.14378	1.66614	3.01579	
1	1.90266	2.09296	4.09303	
1	1.38587	2.38858	-0.658752	
1	3.59617	1.65239	3.61135	
1	1.27162	1.94758	0.016511	
1	1.23806	2.06494	0.754329	
1	2.48038	0.728229	1.66601	
1	2.55102	0.694461	3.35911	
1	-1.34987	1.14173	2.56572	
