2	1.74781	2.56511	2.33545	
2	2.44077	0.965026	6.86502	
2	1.80083	1.17599	0.469351	
2	1.88222	2.11742	1.79919	
2	0.0338441	2.06389	-0.0500518	
2	2.40726	1.22926	1.52026	
2	2.39772	2.0202	4.61626	
#ITERATION
59000
#type theta	psi	phi
1	0.674999	2.14716	5.56858	
1	0.900396	1.56788	3.23427	
1	0.662763	3.77301	7.10058	
1	3.58292	1.56378	5.62729	
1	0.693528	2.14751	1.5169	
1	-0.632131	0.633872	3.41034	
1	2.18928	1.57368	5.05664	
1	2.41894	1.11814	4.60017	
1	0.562556	1.83988	2.75194	
1	-0.0217485	1.09432	4.9814	
1	1.92627	1.00586	6.05736	
1	1.29055	2.07411	5.08938	
1	0.39643	1.53871	3.72796	
1	1.88121	1.05035	1.02259	
1	-1.41657	0.548258	2.45497	
1	1.95229	2.02569	5.39776	
1	3.14479	2.14444	5.23446	
1	0.947663	1.48768	4.05059	
1	1.98797	1.62696	3.42184	
1	2.37964	2.03318	0.554524	
1	1.9756	1.49794	5.76472	
1	2.3547	1.64761	4.1897	
1	0.729125	1.95698	0.540304	
1	1.6675	1.90961	2.60364	
1	1.12579	1.06911	0.744298	
1	2.38275	2.50632	5.7695	
1	1.72638	2.5311	0.620027	
1	2.50549	1.93621	3.53173	
1	2.10014	1.4872	2.15866	
1	1.939	0.99649	3.18458	
1	1.7784	1.05656	3.89908	
1	2.00512	2.03514	-0.201565	
1	1.77517	1.76149	4.57724	
1	0.54123	2.49564	2.74088	
1	1.83094	1.89474	0.425024	
1	1.51805	1.64171	3.11584	
1	1.77064	2.33703	4.64695	
1	2.46257	2.13882	2.48375	
1	2.22204	1.67753	2.79268	
1	1.98572	2.04097	3.92629	
1	1.46624	2.46896	-0.514538	
1	3.58385	1.50369	4.0351	
1	1.3794	2.13652	0.120167	
1	1.33116	2.05862	0.915246	
1	2.37772	0.632513	1.56807	
1	2.45952	0.593335	3.37233	
1	-1.41887	1.27873	2.59116	
1	0.941367	1.57936	1.06875	
1	1.62575	1.53264	-0.0448308	
1	1.59333	1.54344	5.1562	
1	2.48204	2.55782	1.33111	
1	1.32251	1.36455	3.62442	
1	2.18382	1.55637	0.0614491	
1	-4.37216	3.17285	0.163906	
1	0.971381	1.56763	1.83229	
1	1.38788	2.456	3.70009	
1	1.96412	2.20589	3.2645	
1	-0.474117	1.57397	2.71	
1	1.90539	2.13335	1.1955	
1	0.411728	1.62334	1.4605	
2	1.31669	0.642599	3.42733	
2	1.81378	1.04523	1.80909	
2	0.670182	1.84638	4.79864	
2	1.09273	1.5233	2.55929	
2	2.83861	1.62893	4.55074	
2	1.20552	0.970672	5.09473	
2	0.693001	2.04926	3.7774	
2	0.712352	1.05987	5.57588	
2	2.5066	1.17247	-0.623597	
2	1.10296	2.11136	3.01801	
2	1.85363	0.997544	5.36016	
2	1.05322	2.03855	2.26596	
2	1.24075	0.922992	4.27455	
2	1.93355	0.617527	4.53347	
2	1.21668	2.0527	4.33582	
2	1.24584	1.415	4.68969	
2	0.702817	0.649393	2.52959	
2	-0.832313	2.59236	1.58069	
2	2.50306	1.18687	3.46893	
2	1.29874	1.5281	0.448556	
2	3.14684	0.988663	2.99604	
2	1.03158	1.76558	-0.11153	
2	1.73229	0.58934	6.84739	
2	0.618994	1.27954	2.59555	
2	1.10946	1.01328	2.05599	
2	0.689013	1.31811	4.70091	
2	0.989255	1.59989	5.47095	
2	0.390712	0.102193	4.37899	
2	2.05722	1.55771	0.820619	
2	1.31621	1.98985	1.64633	
2	1.43485	-0.608369	-0.737199	
