1	1.05943	1.51973	1.15789	
1	1.62407	1.48651	-0.153188	
1	1.57469	1.43775	5.19072	
1	2.55574	2.62056	1.33379	
1	1.29666	1.26066	3.62581	
1	2.18027	1.44447	0.0786585	
1	-4.77037	2.99929	-0.156279	
1	0.959254	1.57302	1.98437	
1	1.31246	2.58836	3.73276	
1	1.75389	2.11317	3.3243	
1	-0.397895	1.55841	2.71447	
1	1.87466	2.13217	1.11523	
1	0.398013	1.62379	1.38472	
2	1.58879	0.638328	3.70649	
2	1.84263	1.1545	2.08255	
2	0.60372	1.89109	4.47693	
2	1.13779	1.61258	2.54508	
2	2.91111	1.68459	4.77511	
2	1.1193	0.962508	5.04591	
2	0.732502	2.20134	3.61	
2	0.694542	0.947391	5.83147	
2	2.52554	1.29493	-0.60252	
2	1.19787	2.1872	2.94871	
2	1.89835	1.02764	5.41237	
2	1.315	2.20525	2.11331	
2	1.32117	1.04457	4.28232	
2	1.67338	0.586986	4.80517	
2	1.21641	2.09926	4.20106	
2	1.13438	1.43003	4.7382	
2	0.65134	0.600615	2.51299	
2	-0.743124	2.48935	1.72391	
2	2.58596	1.34249	3.53639	
2	1.19699	1.44392	0.545114	
2	3.15073	1.17429	2.62603	
2	0.994268	1.48676	-0.170962	
2	1.83917	0.584536	6.95686	
2	0.704982	1.20745	2.6514	
2	1.18738	1.0265	2.25388	
2	0.614618	1.2616	4.6946	
2	0.922594	1.52459	5.33962	
2	0.060803	-0.0483422	4.29067	
2	2.25058	1.62743	0.918275	
2	1.46881	1.93043	1.53287	
2	1.26338	-0.643039	-0.599624	
2	1.48448	0.727828	1.59272	
2	0.661409	1.27001	0.545831	
2	1.61069	1.5353	4.18893	
2	0.717006	1.07367	1.54906	
2	2.41577	1.16332	2.6262	
2	1.70953	1.53926	0.848478	
2	1.3371	1.81927	3.64597	
2	1.32535	2.57333	1.32578	
2	1.92845	1.63839	1.62344	
2	2.5181	1.92454	5.72546	
2	2.45769	1.9736	1.55041	
2	0.576747	0.637186	4.33242	
2	1.29147	0.943684	6.41131	
2	0.702621	1.11822	3.67556	
2	1.51162	1.69236	2.11577	
2	2.65007	0.718905	5.3136	
2	1.35398	1.34772	1.66402	
2	1.41163	1.76812	5.67498	
2	1.7286	1.29618	2.65935	
2	1.80494	1.20224	4.7135	
2	1.26209	0.912037	3.0208	
2	0.721915	2.43944	0.366043	
2	1.72644	2.63329	2.5793	
2	2.4291	1.0485	6.87047	
2	1.7858	1.14941	0.48172	
2	2.01188	2.27228	1.90814	
2	0.139501	2.07671	0.266898	
2	2.47019	1.3355	1.61683	
2	2.37068	2.10749	4.76621	
#ITERATION
62000
#type theta	psi	phi
1	0.93448	2.0099	5.80459	
1	0.950721	1.57839	3.26103	
1	0.763746	3.74013	6.8563	
1	3.55384	1.6179	5.83299	
1	0.79835	2.19155	1.27895	
1	-0.722795	0.643657	3.78246	
1	2.12746	1.52805	4.97793	
1	2.38907	1.08026	4.59699	
1	0.617087	1.9571	2.37426	
1	-0.0410172	0.994217	5.2149	
1	2.0223	0.972272	6.17446	
1	1.23317	1.95546	5.03895	
1	0.377354	1.55888	3.72995	
1	1.93935	1.0075	1.18294	
1	-1.47107	0.59597	2.52287	
1	1.93444	2.0627	5.25603	
1	3.08894	2.08251	4.45677	
1	0.909294	1.60243	3.9535	
1	1.89442	1.62333	3.53011	
1	2.47625	2.04378	0.490189	
1	1.98958	1.51367	5.7591	
1	2.15968	1.52076	4.24956	
1	0.729455	1.81145	0.462827	
1	1.7541	1.94882	2.57612	
1	1.24997	1.01628	0.866865	
