1	0.339126	1.61665	3.5751	
1	1.83671	0.951442	1.09448	
1	-1.52823	0.610606	2.37925	
1	2.02496	2.05106	5.30879	
1	3.10539	2.07813	5.74546	
1	0.88232	1.45084	4.10917	
1	1.94684	1.55774	3.48261	
1	2.49711	2.02287	0.527683	
1	2.06868	1.47825	5.5887	
1	2.17579	1.63005	4.12548	
1	0.767584	1.83952	0.364583	
1	1.69124	1.95333	2.51198	
1	1.23025	1.0432	0.884606	
1	2.55593	2.48486	5.52625	
1	1.88216	2.5111	0.358682	
1	2.60923	1.87452	3.48914	
1	2.09929	1.59592	2.19446	
1	1.77356	1.08779	3.16511	
1	1.93726	1.08436	3.90096	
1	1.98549	2.15055	-0.190932	
1	1.76307	1.87087	4.70112	
1	0.549184	2.58048	2.77541	
1	1.93118	1.87666	0.384647	
1	1.54123	1.59509	3.063	
1	1.76338	2.51262	4.83389	
1	2.35811	2.10633	2.55286	
1	2.05091	1.61786	2.86661	
1	1.92588	2.13926	4.04895	
1	1.36534	2.43112	-0.604355	
1	3.42003	1.54881	3.96951	
1	1.28569	2.00718	-0.000681363	
1	1.36057	2.04798	0.628598	
1	2.43698	0.662521	1.73996	
1	2.41254	0.609517	3.3522	
1	-1.46508	1.13321	2.51427	
1	0.9838	1.55815	0.922034	
1	1.69626	1.50715	-0.0579508	
1	1.64705	1.47317	5.17278	
1	2.60473	2.48253	1.55353	
1	1.43666	1.40773	3.67596	
1	2.36928	1.5536	-0.0361708	
1	-4.08027	3.11623	0.175362	
1	0.984284	1.58573	1.85798	
1	1.33273	2.54723	3.74392	
1	1.89484	2.13541	3.34603	
1	-0.31977	1.54067	2.7459	
1	1.93233	2.05298	1.11701	
1	0.419212	1.64999	1.34184	
2	1.33338	0.661981	3.47925	
2	1.82166	1.05563	1.89501	
2	0.611637	1.82445	4.77888	
2	1.1146	1.70404	2.62571	
2	2.75627	1.53279	4.5911	
2	1.21707	1.0045	5.01781	
2	0.722829	2.10031	3.99292	
2	0.753457	1.00264	5.74659	
2	2.66593	1.18275	-0.600257	
2	1.23162	2.23404	2.96917	
2	2.05154	1.00258	5.27198	
2	1.16772	2.05039	2.11227	
2	1.20416	0.981538	4.13198	
2	1.84441	0.557795	4.48918	
2	1.25592	2.00905	4.41828	
2	1.21383	1.48828	4.69874	
2	0.681902	0.765101	2.53071	
2	-0.647358	2.44901	1.80702	
2	2.43609	1.1651	3.29827	
2	1.34406	1.50514	0.381347	
2	3.03203	1.08068	2.99218	
2	1.02767	1.48918	-0.26513	
2	1.76597	0.604765	6.6519	
2	0.632561	1.33429	2.38177	
2	1.2101	1.11914	2.14691	
2	0.671451	1.23404	4.81849	
2	1.04836	1.55516	5.35329	
2	0.453926	-0.00302102	4.10743	
2	2.23366	1.59651	0.836536	
2	1.37429	1.88906	1.50603	
2	1.52949	-0.721724	-0.509909	
2	1.31484	0.624179	1.42412	
2	0.724175	1.23112	0.396756	
2	1.60493	1.65944	4.13258	
2	0.764399	1.16184	1.40639	
2	2.2583	1.03822	2.46296	
2	1.59635	1.56637	0.989688	
2	1.35202	1.99358	3.77097	
2	1.43547	2.52308	1.34718	
2	1.91406	1.54995	1.44109	
2	2.55501	1.82502	5.50099	
2	2.43483	1.85173	1.59837	
2	0.580335	0.56456	4.84049	
2	1.28506	1.04969	6.2874	
2	0.663131	1.09465	3.63031	
2	1.52716	1.62857	1.9611	
2	2.63258	0.577705	5.68971	
2	1.33413	1.26516	1.46849	
2	1.51979	1.85807	5.64283	
2	1.59782	1.36033	2.51276	
2	1.75143	1.13305	4.68211	
2	1.10042	1.16753	3.00254	
2	0.791354	2.47282	0.289069	
