1	1.81288	1.78641	0.428852	
1	1.46488	1.68523	3.08491	
1	1.75028	2.52827	4.7324	
1	2.27754	2.17043	2.41388	
1	2.03443	1.6512	2.8516	
1	1.94715	2.09334	3.94222	
1	1.50133	2.49846	-0.564768	
1	3.39255	1.54137	3.70673	
1	1.27283	2.09611	-0.0643172	
1	1.33285	2.15582	0.760538	
1	2.4713	0.604287	1.71438	
1	2.37143	0.600667	3.2481	
1	-1.46963	1.16942	2.544	
1	0.941954	1.56629	1.10983	
1	1.65844	1.49317	-0.0892241	
1	1.62405	1.50667	5.16742	
1	2.58603	2.45689	1.0683	
1	1.26915	1.28514	3.54964	
1	2.29983	1.50437	0.039746	
1	-3.42137	3.08813	-0.0140477	
1	0.858735	1.56008	1.81909	
1	1.3465	2.4815	3.62107	
1	1.85533	2.15012	3.20283	
1	-0.453758	1.65602	2.51799	
1	2.01426	2.11284	1.04915	
1	0.286196	1.57065	1.43274	
2	1.30445	0.646699	3.50742	
2	1.88657	1.16397	1.95045	
2	0.675138	1.89476	4.68313	
2	1.11994	1.59382	2.59944	
2	2.75623	1.55745	4.23754	
2	1.16823	1.0718	5.07803	
2	0.749931	2.07466	3.69425	
2	0.813312	1.04378	5.90911	
2	2.64052	1.17868	-0.721953	
2	1.11357	2.09592	3.00649	
2	1.91274	0.989595	5.25121	
2	1.08741	2.11817	2.16371	
2	1.15524	0.988383	4.18945	
2	1.65103	0.583749	4.60561	
2	1.31716	2.12303	4.39375	
2	1.26031	1.5379	4.64683	
2	0.698812	0.687983	2.45924	
2	-0.65595	2.59011	1.65437	
2	2.41467	1.27374	3.50881	
2	1.24902	1.6709	0.444964	
2	2.99761	1.01427	2.5168	
2	1.01358	1.60212	-0.14535	
2	1.84916	0.63133	6.84077	
2	0.634796	1.33257	2.51164	
2	1.28372	1.10731	2.131	
2	0.610987	1.21639	4.76796	
2	1.0489	1.56871	5.34974	
2	0.84581	0.0520946	3.88018	
2	2.1199	1.55662	0.929313	
2	1.34459	1.89878	1.49501	
2	1.34876	-0.71453	-0.721387	
2	1.47321	0.566965	1.5566	
2	0.732046	1.28628	0.502316	
2	1.59666	1.41058	4.16772	
2	0.688776	1.01796	1.47879	
2	2.36135	1.14615	2.54008	
2	1.51446	1.55645	0.995355	
2	1.34268	1.80047	3.62001	
2	1.30664	2.52273	1.35256	
2	1.87934	1.629	1.51158	
2	2.57458	1.74144	5.61217	
2	2.36335	1.85855	1.51104	
2	0.571528	0.586203	4.63908	
2	1.27757	1.08217	6.38856	
2	0.689671	1.06839	3.44021	
2	1.49527	1.65857	1.99726	
2	2.65923	0.597104	5.69018	
2	1.3348	1.23689	1.50367	
2	1.53245	1.81085	5.71878	
2	1.71092	1.30411	2.56388	
2	1.71105	1.20108	4.72064	
2	1.26311	1.09129	2.87216	
2	0.750823	2.42337	0.353795	
2	1.56545	2.56612	2.64587	
2	2.56465	1.01183	6.84703	
2	1.80268	1.17417	0.441854	
2	1.84304	2.18427	1.8635	
2	-0.00792009	2.14822	-0.424028	
2	2.46844	1.2571	1.60145	
2	2.38884	2.11269	4.45924	
#ITERATION
58000
#type theta	psi	phi
1	0.777384	2.04085	5.70999	
1	0.974703	1.72478	3.38186	
1	0.695103	3.73884	6.51599	
1	3.64884	1.50921	5.62194	
1	0.627266	2.1943	1.4572	
1	-0.554453	0.638876	3.61842	
1	2.21387	1.45973	4.8137	
1	2.49614	1.06027	4.38752	
1	0.65251	1.99521	2.73211	
1	-0.020158	1.05263	5.04123	
1	2.03196	0.999172	6.12124	
1	1.30702	2.07544	5.05565	
