1	1.8103	2.16154	3.36054	
1	-0.391366	1.53415	2.28648	
1	1.96742	2.07432	1.02269	
1	0.368656	1.56877	1.31438	
2	1.38667	0.588789	3.59911	
2	1.82119	1.03006	1.91356	
2	0.622099	1.90577	4.66334	
2	1.15089	1.58686	2.56007	
2	2.8891	1.55709	4.15613	
2	1.32686	0.986105	5.04094	
2	0.644443	2.11767	3.64787	
2	0.878245	1.00628	5.72473	
2	2.58883	1.28052	-0.540533	
2	1.16912	2.07388	2.94351	
2	2.04579	1.00925	5.34659	
2	1.19983	2.10541	2.06966	
2	1.35188	1.04981	4.23863	
2	1.76655	0.608501	4.58092	
2	1.28406	2.05613	4.29365	
2	1.23364	1.55186	4.74037	
2	0.691926	0.667852	2.47726	
2	-0.632121	2.55332	1.94669	
2	2.37817	1.3349	3.4346	
2	1.28157	1.46774	0.523935	
2	3.02613	1.08171	2.56398	
2	1.14313	1.53221	-0.140581	
2	1.74009	0.625276	6.72795	
2	0.669491	1.3165	2.51775	
2	1.22871	1.13453	2.16478	
2	0.789441	1.24461	4.70542	
2	1.07163	1.58529	5.40266	
2	1.05883	0.0577064	4.24869	
2	2.21775	1.54092	0.85923	
2	1.51856	1.92993	1.48535	
2	1.48373	-0.645553	-0.593149	
2	1.47158	0.685243	1.51091	
2	0.618537	1.21274	0.594242	
2	1.65414	1.52287	4.15259	
2	0.80614	1.03399	1.57283	
2	2.34181	1.06631	2.63388	
2	1.55449	1.60257	0.955369	
2	1.3507	1.8747	3.69176	
2	1.37526	2.51726	1.44262	
2	2.00785	1.60874	1.55929	
2	2.53404	1.85841	5.85752	
2	2.49549	1.90833	1.56403	
2	0.538222	0.675889	4.63136	
2	1.19667	0.971513	6.37976	
2	0.705114	1.03661	3.55524	
2	1.61289	1.652	2.06586	
2	2.66053	0.568867	5.60698	
2	1.44643	1.35674	1.54261	
2	1.53219	1.79997	5.74111	
2	1.76476	1.22285	2.59786	
2	1.93363	1.21279	4.58066	
2	1.19778	1.09031	2.92186	
2	0.63233	2.45435	0.412685	
2	1.6319	2.57522	2.51954	
2	2.49725	1.06722	6.72721	
2	1.82372	1.23528	0.396606	
2	1.97271	2.09314	1.84971	
2	0.0495648	2.09851	-0.424011	
2	2.50161	1.2569	1.51622	
2	2.36034	2.10294	4.68915	
#ITERATION
57000
#type theta	psi	phi
1	0.850734	2.11416	5.64537	
1	0.876248	1.58077	3.20865	
1	0.456679	3.77159	6.57355	
1	3.58319	1.60635	5.67212	
1	0.787764	2.05016	1.33496	
1	-0.756363	0.69501	3.64653	
1	2.24735	1.44802	4.96865	
1	2.36534	0.923445	4.43281	
1	0.607961	1.93243	2.52006	
1	-0.0113752	1.02279	4.65814	
1	1.99637	1.03173	6.04404	
1	1.34582	2.00729	5.10489	
1	0.3939	1.64891	3.63518	
1	1.94559	1.02172	1.21495	
1	-1.39012	0.53297	2.7044	
1	1.96882	2.04042	5.38153	
1	3.17338	2.00932	6.12501	
1	1.02766	1.59672	4.08344	
1	1.90472	1.55746	3.59683	
1	2.42474	1.90205	0.528958	
1	2.08006	1.50986	5.61637	
1	2.1661	1.60252	4.20737	
1	0.659812	1.91677	0.284948	
1	1.60198	1.94997	2.49227	
1	1.24221	1.06252	0.747102	
1	2.51727	2.37136	5.52221	
1	2.00555	2.46592	0.214655	
1	2.43423	1.86618	3.51569	
1	2.10558	1.68268	2.1754	
1	1.79377	1.10491	3.20517	
1	1.84278	0.956509	3.93319	
1	2.10346	1.97186	-0.215288	
1	1.79853	1.83379	4.67882	
1	0.51873	2.5608	2.37955	
