2	0.716902	1.06117	3.6405	
2	1.56333	1.64193	2.03854	
2	2.76251	0.534449	5.73176	
2	1.30443	1.34075	1.5826	
2	1.4667	1.78613	5.73593	
2	1.6977	1.31433	2.58282	
2	1.74113	1.17475	4.75696	
2	1.20879	1.0769	3.02679	
2	0.866956	2.50916	0.294061	
2	1.71864	2.56476	2.57354	
2	2.49721	1.00939	7.07109	
2	1.80093	1.22178	0.518191	
2	1.88696	2.18501	1.83067	
2	0.127112	2.07554	0.155917	
2	2.35148	1.26601	1.60656	
2	2.4162	2.07381	4.62962	
#ITERATION
64000
#type theta	psi	phi
1	0.828023	1.99844	5.7271	
1	0.801043	1.72749	3.25097	
1	0.657146	3.81402	6.90785	
1	3.60312	1.58779	5.81629	
1	0.825249	2.14383	1.20843	
1	-0.706022	0.616621	3.83054	
1	2.20112	1.55624	4.97367	
1	2.29633	1.02505	4.51428	
1	0.566977	1.94617	2.34214	
1	-0.0716713	1.07745	5.74076	
1	1.95811	0.928243	6.03131	
1	1.30815	2.00199	5.14873	
1	0.278015	1.57623	3.73994	
1	1.98975	0.925273	1.14638	
1	-1.40957	0.54277	2.48793	
1	2.04292	1.96204	5.37017	
1	3.12677	2.02758	4.04438	
1	0.890043	1.56393	4.10617	
1	1.84581	1.63591	3.54177	
1	2.48377	2.04735	0.239054	
1	1.91159	1.42802	5.60218	
1	2.12123	1.51394	4.22799	
1	0.727284	1.93771	0.416047	
1	1.71404	1.9352	2.63487	
1	1.29491	1.02814	1.06063	
1	2.45296	2.49113	5.51738	
1	2.01916	2.54783	0.515544	
1	2.47845	1.87843	3.62811	
1	2.16155	1.49799	2.25498	
1	1.83241	1.09684	3.19346	
1	1.88041	1.07938	3.87888	
1	1.93599	1.8771	-0.329733	
1	1.70064	1.88457	4.67359	
1	0.571779	2.53404	2.15777	
1	1.90308	1.76699	0.369095	
1	1.43715	1.71395	3.17005	
1	1.80033	2.43314	4.70558	
1	2.47658	2.14029	2.65688	
1	2.14665	1.60533	2.91857	
1	1.88452	2.11768	4.02683	
1	1.60041	2.43612	-0.471563	
1	3.43531	1.5061	3.60492	
1	1.29218	2.00605	-0.0482977	
1	1.44876	2.06493	0.668232	
1	2.59552	0.543168	1.89009	
1	2.13563	0.593509	3.45075	
1	-1.38491	1.17523	2.60502	
1	0.992533	1.59085	1.00455	
1	1.63335	1.43203	-0.0526919	
1	1.58242	1.50141	5.12915	
1	2.6681	2.4924	1.59143	
1	1.2804	1.38655	3.6848	
1	2.23122	1.46976	-0.0429886	
1	-4.05923	3.15297	-1.11688	
1	0.967535	1.57391	1.8469	
1	1.29411	2.559	3.68702	
1	1.8091	2.21668	3.17792	
1	-0.439206	1.48955	2.72758	
1	2.01795	2.01256	1.04767	
1	0.373527	1.54132	1.29494	
2	1.21812	0.704122	3.70552	
2	1.86875	1.05891	1.95313	
2	0.634689	1.91055	4.88328	
2	1.12575	1.65036	2.62086	
2	2.76964	1.49623	4.50513	
2	1.28505	0.943137	5.09077	
2	0.602466	2.1326	3.91899	
2	0.73161	0.934105	5.80505	
2	2.54296	1.20332	-0.738828	
2	1.10222	2.21467	2.87598	
2	1.9865	1.00179	5.19861	
2	1.14798	2.13605	2.03328	
2	1.23983	1.13094	4.32088	
2	1.74693	0.635832	4.5094	
2	1.2115	2.16509	4.36265	
2	1.17799	1.60118	4.68044	
2	0.628305	0.81218	2.43513	
2	-0.907718	2.49786	1.9901	
2	2.45785	1.31817	3.4804	
2	1.28311	1.55058	0.478462	
2	3.10593	0.956544	2.56121	
2	0.952823	1.5187	-0.147912	
