1	2.49272	2.45456	5.50825	
1	1.84486	2.52216	0.53382	
1	2.42667	1.98207	3.58962	
1	2.1869	1.65366	2.29771	
1	1.82601	1.036	3.31292	
1	1.9175	1.08993	3.97918	
1	2.00526	2.09537	-0.274247	
1	1.69742	1.89312	4.52794	
1	0.498128	2.59397	2.45735	
1	1.84991	1.82472	0.459181	
1	1.54308	1.6146	3.05826	
1	1.65913	2.52432	4.70742	
1	2.41726	2.16715	2.52313	
1	2.15653	1.54889	3.01654	
1	1.78757	2.11262	3.96243	
1	1.49471	2.38066	-0.703081	
1	3.42145	1.57544	3.48335	
1	1.40387	1.9907	0.00523324	
1	1.36015	2.03301	0.840597	
1	2.48621	0.662193	1.69466	
1	2.47509	0.642873	3.61836	
1	-1.37683	1.20406	2.54985	
1	0.894682	1.62508	1.19381	
1	1.58471	1.43524	-0.116711	
1	1.60379	1.53799	5.22679	
1	2.66565	2.51762	1.38907	
1	1.31037	1.21235	3.63855	
1	2.27476	1.50054	0.0630025	
1	-5.10017	3.09767	-0.278658	
1	1.01331	1.66623	1.85498	
1	1.262	2.55193	3.67587	
1	1.9822	2.0864	3.14602	
1	-0.337446	1.53651	2.65383	
1	1.96064	1.96267	1.09654	
1	0.2918	1.61687	1.65002	
2	1.35385	0.615099	3.61742	
2	1.90308	1.00828	2.00359	
2	0.650481	1.80936	4.68424	
2	1.15073	1.66988	2.55999	
2	2.78655	1.52942	4.29375	
2	1.24902	1.03408	5.06523	
2	0.574826	2.10068	3.49154	
2	0.754717	0.892894	5.69019	
2	2.51907	1.19646	-0.702864	
2	1.25887	2.23069	2.88712	
2	1.92108	1.04605	5.26363	
2	1.20817	2.22548	2.05502	
2	1.15061	1.02702	4.21536	
2	1.745	0.648728	4.59162	
2	1.14335	1.99306	4.33901	
2	1.18195	1.50807	4.67912	
2	0.672305	0.610605	2.57171	
2	-0.782694	2.35483	1.69452	
2	2.4363	1.30263	3.55102	
2	1.30718	1.52141	0.40595	
2	3.076	1.05824	2.73117	
2	0.886567	1.44045	-0.156099	
2	1.83721	0.619658	7.00423	
2	0.601752	1.33834	2.57942	
2	1.22371	1.07009	2.21647	
2	0.647608	1.1854	4.68195	
2	0.864423	1.48713	5.36298	
2	-0.131693	0.031702	4.33712	
2	2.20755	1.4905	0.918295	
2	1.54227	1.89997	1.58072	
2	1.41185	-0.618689	-0.561697	
2	1.44645	0.59806	1.67141	
2	0.591757	1.25741	0.726333	
2	1.52354	1.47444	4.16332	
2	0.802773	1.02093	1.65236	
2	2.3549	1.0456	2.80139	
2	1.5595	1.49278	1.05474	
2	1.39037	1.82246	3.62384	
2	1.4582	2.44639	1.39057	
2	1.96008	1.51138	1.72498	
2	2.41612	1.78562	5.52993	
2	2.54758	1.84648	1.55302	
2	0.655404	0.574383	4.52597	
2	1.33887	0.959164	6.42343	
2	0.631624	1.07397	3.46936	
2	1.53607	1.66427	2.05546	
2	2.59932	0.588187	5.57803	
2	1.40052	1.20677	1.59696	
2	1.51047	1.83556	5.6563	
2	1.70198	1.24646	2.52751	
2	1.70571	1.22055	4.63247	
2	1.24	1.06559	2.95676	
2	0.845426	2.5037	0.137439	
2	1.67301	2.64031	2.49199	
2	2.48819	1.01146	6.84161	
2	1.83304	1.17062	0.506891	
2	2.0752	2.13901	1.82418	
2	0.275708	2.13681	0.0789399	
2	2.49251	1.21682	1.75891	
2	2.39382	2.01208	4.64857	
#ITERATION
63000
#type theta	psi	phi
1	0.84086	1.93101	5.86251	
1	0.914686	1.67894	3.36385	
1	0.812068	3.72252	6.77193	
