1	3.55851	1.61651	5.79929	
1	0.757912	2.17244	1.52561	
1	-0.53372	0.625562	3.82176	
1	2.25752	1.50388	5.00593	
1	2.49935	0.988282	4.52175	
1	0.569944	1.93858	2.67853	
1	-0.059902	1.06466	5.48892	
1	1.99879	0.847513	6.13301	
1	1.34701	2.04118	5.19006	
1	0.336815	1.54678	3.65034	
1	1.78912	1.08223	1.2936	
1	-1.31409	0.536778	2.60768	
1	1.99156	2.02969	5.25222	
1	3.11852	2.02543	4.12498	
1	0.895441	1.62745	4.16344	
1	1.88844	1.67478	3.62216	
1	2.44761	1.99908	0.404821	
1	2.08422	1.47979	5.68843	
1	2.12511	1.57725	4.31814	
1	0.746771	1.79477	0.392949	
1	1.70083	1.97457	2.54831	
1	1.33444	1.03153	0.881135	
1	2.52544	2.38451	5.58751	
1	1.92864	2.45616	0.225517	
1	2.48554	1.98139	3.71177	
1	2.08874	1.61021	2.17211	
1	1.82442	1.15365	3.36203	
1	1.87014	1.01363	4.11765	
1	1.95044	1.91578	-0.187695	
1	1.70304	1.8516	4.67881	
1	0.443915	2.52161	2.40686	
1	1.84461	1.85148	0.456834	
1	1.61955	1.5986	3.05913	
1	1.71527	2.40229	4.79651	
1	2.43615	2.14353	2.71356	
1	2.20146	1.60528	2.94602	
1	1.86495	2.12216	4.11289	
1	1.43609	2.37984	-0.589495	
1	3.43036	1.52445	3.37587	
1	1.3353	2.05287	0.0164066	
1	1.37176	2.14375	0.822985	
1	2.32224	0.664982	1.82441	
1	2.36639	0.656809	3.53012	
1	-1.35434	1.17805	2.5836	
1	1.00129	1.56388	1.0644	
1	1.59575	1.35204	-0.0406478	
1	1.58163	1.47299	5.19196	
1	2.68614	2.47147	1.35871	
1	1.30229	1.3306	3.72662	
1	2.18509	1.41134	0.062251	
1	-4.61519	2.94825	-0.58788	
1	0.856362	1.66532	1.89314	
1	1.23747	2.60996	3.85616	
1	1.94211	2.15124	3.2145	
1	-0.440668	1.57102	2.7781	
1	2.06824	2.147	1.0784	
1	0.374509	1.56301	1.15206	
2	1.36901	0.693445	3.69257	
2	1.73779	1.13769	1.9812	
2	0.684394	1.88629	4.89561	
2	1.17275	1.73742	2.62035	
2	2.76564	1.56005	4.43106	
2	1.20371	1.02599	5.08165	
2	0.53603	2.19083	3.85051	
2	0.72846	1.02418	5.71724	
2	2.58852	1.09628	-0.611412	
2	1.03505	2.26113	3.01922	
2	1.86682	0.959804	5.37199	
2	1.21316	2.12977	2.15644	
2	1.20039	1.06895	4.36914	
2	1.68318	0.561612	4.68817	
2	1.20958	2.12429	4.33597	
2	1.20651	1.50294	4.70004	
2	0.65498	0.743649	2.42083	
2	-0.693674	2.4456	2.01895	
2	2.34841	1.33376	3.49216	
2	1.35526	1.62228	0.514024	
2	2.97934	1.04817	2.53303	
2	1.08317	1.48447	-0.0869628	
2	1.88971	0.650637	6.96329	
2	0.663525	1.3515	2.62199	
2	1.17498	1.14634	2.18464	
2	0.56963	1.29511	4.65989	
2	0.970288	1.52326	5.33461	
2	-0.289767	0.0471699	4.66864	
2	2.24413	1.52358	0.914668	
2	1.39697	1.94946	1.43189	
2	1.47755	-0.719446	-0.550175	
2	1.37335	0.643604	1.55596	
2	0.731143	1.16741	0.559756	
2	1.53596	1.59142	4.16355	
2	0.771991	1.06383	1.54343	
2	2.24538	1.08511	2.53913	
2	1.69402	1.58976	0.998497	
2	1.32172	2.01277	3.60733	
2	1.44672	2.56691	1.39689	
2	1.84931	1.62092	1.62863	
2	2.50753	1.8242	5.64513	
2	2.41902	1.84519	1.611	
2	0.705802	0.700161	4.59147	
2	1.23598	0.921941	6.48566	
