2	1.15384	0.637071	1.33285	
2	0.734755	1.35026	0.372108	
2	1.70967	1.54358	4.04951	
2	0.669082	1.09939	1.41034	
2	2.43468	1.07133	2.45287	
2	1.537	1.56023	1.03592	
2	1.39728	1.92891	3.68851	
2	1.35729	2.50075	1.5178	
2	1.7966	1.62761	1.51878	
2	2.52345	1.94209	5.78584	
2	2.50158	1.91193	1.52295	
2	0.514902	0.648467	4.58283	
2	1.29526	0.951941	6.37284	
2	0.748239	1.03174	3.59229	
2	1.53181	1.53349	2.08764	
2	2.53493	0.580128	5.70966	
2	1.32463	1.21099	1.40268	
2	1.46619	1.8733	5.72916	
2	1.77688	1.32701	2.63164	
2	1.81719	1.19594	4.71061	
2	1.20318	1.13125	2.96055	
2	0.769731	2.48955	0.42808	
2	1.71925	2.54182	2.60141	
2	2.49244	1.02311	6.80496	
2	1.84418	1.20776	0.412294	
2	1.92672	2.04332	1.92426	
2	0.0428927	2.02268	0.0568365	
2	2.32483	1.32635	1.59914	
2	2.38353	2.08213	4.72397	
#ITERATION
60000
#type theta	psi	phi
1	0.824777	1.94247	5.65566	
1	0.948648	1.52768	3.30613	
1	0.629823	3.74529	7.25908	
1	3.48632	1.65685	5.47829	
1	0.694314	2.08196	1.54394	
1	-0.632637	0.613143	3.71749	
1	2.20599	1.51971	5.01543	
1	2.45539	1.06814	4.72907	
1	0.539399	1.91062	2.61024	
1	0.0505142	1.09107	5.18527	
1	1.87397	0.974513	6.12927	
1	1.26427	1.96918	5.15051	
1	0.349931	1.56352	4.04586	
1	1.88781	1.08789	1.2138	
1	-1.30859	0.553933	2.6223	
1	1.90074	2.06844	5.31234	
1	3.12015	2.10785	4.82904	
1	0.943396	1.61148	3.96615	
1	1.9902	1.70419	3.64732	
1	2.36193	2.22145	0.619769	
1	2.084	1.62109	5.70647	
1	2.20656	1.57335	4.22282	
1	0.699611	1.83081	0.453427	
1	1.73668	1.79027	2.58108	
1	1.23834	1.07205	0.828147	
1	2.41292	2.44464	5.71599	
1	1.71502	2.52915	0.293124	
1	2.54268	1.98601	3.82245	
1	2.20314	1.54385	2.18912	
1	1.86576	1.00881	3.11669	
1	2.07882	1.03296	4.05613	
1	1.86173	2.08127	-0.232919	
1	1.70406	1.82849	4.67542	
1	0.616141	2.55317	2.57496	
1	1.73455	1.90751	0.376476	
1	1.64124	1.65982	3.16765	
1	1.62317	2.42365	4.82056	
1	2.32746	2.10494	2.65782	
1	2.20239	1.60575	3.04601	
1	1.91437	2.14441	4.1229	
1	1.19711	2.41926	-0.607507	
1	3.59966	1.61828	3.8719	
1	1.18899	2.12205	0.115012	
1	1.29601	2.14234	0.808726	
1	2.4732	0.71652	1.69238	
1	2.49601	0.637285	3.47081	
1	-1.42567	1.1434	2.50246	
1	0.910046	1.48307	1.12116	
1	1.57022	1.53119	-0.101541	
1	1.59746	1.52694	5.29648	
1	2.47142	2.5599	1.6317	
1	1.53983	1.27406	3.6467	
1	2.18724	1.64725	0.173443	
1	-4.68554	3.09451	-0.109302	
1	0.896097	1.58157	1.96527	
1	1.33662	2.5991	3.77565	
1	1.88448	2.24219	3.38001	
1	-0.398696	1.57416	2.4959	
1	1.84552	2.10344	1.24078	
1	0.360898	1.67367	1.27964	
2	1.37927	0.628938	3.61049	
2	1.90269	1.03149	1.8782	
2	0.776635	1.80863	4.76826	
2	1.13741	1.65407	2.62838	
2	2.77632	1.50758	4.51044	
2	1.19181	1.07433	5.01985	
2	0.702192	2.09997	3.6287	
2	0.715761	1.00209	5.64696	
2	2.57179	1.24207	-0.464377	
