1	2.41345	1.06387	4.66892	
1	0.611836	1.92725	2.50906	
1	0.070475	1.04231	6.90118	
1	1.87867	0.934112	6.10679	
1	1.21219	2.12678	5.18292	
1	0.344778	1.57225	3.5272	
1	2.002	1.09408	1.26594	
1	-1.41469	0.607072	2.65057	
1	1.83689	2.074	5.40829	
1	2.98939	2.04398	4.95889	
1	0.899105	1.60834	4.05096	
1	1.84472	1.62098	3.65262	
1	2.39815	2.09312	0.43662	
1	1.90215	1.51988	5.81027	
1	2.13614	1.62766	4.37033	
1	0.573179	1.81091	0.588866	
1	1.70979	1.85652	2.62132	
1	1.36815	0.912826	1.09999	
1	2.3804	2.48722	5.88966	
1	1.77529	2.41524	0.646185	
1	2.3387	1.83511	3.58584	
1	2.21082	1.49689	2.30008	
1	1.86332	1.04002	3.31691	
1	1.87423	1.17588	3.97977	
1	1.83761	2.06494	-0.141079	
1	1.69405	1.91469	4.82095	
1	0.691263	2.49615	2.56271	
1	1.77629	1.88162	0.448517	
1	1.47139	1.66587	3.19834	
1	1.69031	2.53016	4.8221	
1	2.54291	2.07995	2.83885	
1	2.08947	1.46618	3.08427	
1	1.92751	2.13586	3.90821	
1	1.32629	2.51035	-0.425878	
1	3.44091	1.58316	3.5312	
1	1.16084	2.01317	0.195401	
1	1.32679	2.0543	0.956917	
1	2.60794	0.615717	1.74388	
1	2.4175	0.604196	3.84433	
1	-1.43996	1.1555	2.60205	
1	1.0047	1.60433	1.16834	
1	1.58494	1.49132	0.020837	
1	1.5979	1.52014	5.32903	
1	2.53173	2.46737	1.33625	
1	1.34081	1.29133	3.73084	
1	2.22308	1.58173	0.0112883	
1	-4.85618	3.12796	-0.843479	
1	0.89529	1.65864	1.92407	
1	1.38513	2.5415	3.77139	
1	1.89144	2.07421	3.10209	
1	-0.383536	1.51963	2.53997	
1	1.98203	2.09528	1.2505	
1	0.319945	1.55353	1.61167	
2	1.50972	0.728589	3.94986	
2	2.01206	0.956481	2.05983	
2	0.575115	1.85526	4.74363	
2	1.14046	1.53126	2.66033	
2	2.70384	1.55222	4.8222	
2	1.33077	1.04876	5.09818	
2	0.736313	2.08831	3.53275	
2	0.787288	0.99488	5.72026	
2	2.44947	1.20588	-0.573381	
2	1.22487	2.13222	2.9196	
2	1.93503	1.0463	5.36393	
2	1.32366	2.07969	2.20537	
2	1.27368	1.10468	4.39411	
2	1.83735	0.599934	4.7593	
2	1.10436	2.23171	4.44649	
2	1.19787	1.63538	4.73646	
2	0.602529	0.575636	2.66758	
2	-0.433397	2.47955	2.05878	
2	2.43033	1.20704	3.71804	
2	1.2818	1.51463	0.604236	
2	3.03944	1.05059	3.41291	
2	1.03182	1.53738	-0.042583	
2	1.9577	0.61937	6.88057	
2	0.693558	1.24168	2.56912	
2	1.36711	0.986537	2.25056	
2	0.587983	1.23648	4.70896	
2	1.01222	1.4398	5.33559	
2	-0.190969	-0.0447382	5.12629	
2	2.26694	1.65639	0.974935	
2	1.45441	1.83314	1.63871	
2	1.39479	-0.618566	-0.387838	
2	1.38258	0.504903	1.64001	
2	0.750657	1.24549	0.569126	
2	1.5895	1.7288	4.3372	
2	0.705826	1.0337	1.42117	
2	2.34935	0.96907	2.78427	
2	1.60771	1.53307	1.06703	
2	1.36065	1.92459	3.76084	
2	1.38886	2.54838	1.62071	
2	1.94522	1.49952	1.67002	
2	2.44377	1.90305	5.6833	
2	2.63338	1.83052	1.73087	
2	0.732722	0.603098	4.68552	
2	1.35266	0.992343	6.55762	
2	0.613139	1.03319	3.51268	
2	1.59488	1.48963	2.12781	
2	2.57014	0.676211	5.7831	
2	1.26302	1.18188	1.67234	
