1	1.36519	1.32903	3.56089	
1	2.2787	1.61717	0.0666779	
1	-4.83767	3.16701	-1.3124	
1	0.952604	1.5854	1.93653	
1	1.45508	2.48456	3.63011	
1	1.8687	2.12071	3.1976	
1	-0.318296	1.65217	2.5919	
1	1.91403	1.97847	1.16922	
1	0.453347	1.64413	1.38585	
2	1.32448	0.746739	3.56187	
2	1.9823	0.971358	2.15322	
2	0.582961	1.9096	4.75574	
2	1.24251	1.5953	2.63956	
2	2.74684	1.50365	4.59379	
2	0.948876	1.03443	4.99225	
2	0.621248	2.09321	3.49602	
2	0.621239	1.00715	5.92525	
2	2.42791	1.23955	-0.618267	
2	1.19389	2.09247	2.95165	
2	1.95373	0.893185	5.25106	
2	1.21011	2.06416	2.09492	
2	1.13242	1.13315	4.2949	
2	1.49114	0.648001	4.60298	
2	1.22303	2.11755	4.34726	
2	1.09992	1.59293	4.66002	
2	0.774496	0.612822	2.38004	
2	-0.660384	2.47653	1.61771	
2	2.40645	1.23197	3.6577	
2	1.20116	1.56962	0.46294	
2	3.05855	1.04469	3.76503	
2	0.925701	1.56441	-0.158486	
2	1.70314	0.551732	6.75614	
2	0.59748	1.21277	2.36748	
2	1.28228	1.11067	2.23118	
2	0.545852	1.37397	4.51596	
2	0.939907	1.62042	5.42058	
2	-0.121722	0.0403921	4.56547	
2	2.2282	1.55757	0.803066	
2	1.40515	1.82983	1.55873	
2	1.32268	-0.671542	-0.376618	
2	1.48556	0.612027	1.63391	
2	0.68328	1.2776	0.552528	
2	1.55248	1.59206	4.11279	
2	0.886142	1.10276	1.48444	
2	2.38472	1.17146	2.69164	
2	1.58442	1.48643	1.03194	
2	1.42252	1.86755	3.60679	
2	1.38319	2.45739	1.39419	
2	2.02947	1.53686	1.61944	
2	2.41671	1.8176	5.60844	
2	2.56977	1.90527	1.63416	
2	0.505105	0.607952	4.34335	
2	1.2829	0.946787	6.44404	
2	0.731765	1.07221	3.61956	
2	1.65879	1.57212	2.0759	
2	2.53084	0.581292	5.86828	
2	1.4414	1.30739	1.57239	
2	1.31241	1.83218	5.83453	
2	1.84275	1.38546	2.64865	
2	1.66867	1.24371	4.60073	
2	1.22471	1.03713	2.85853	
2	0.706697	2.54659	0.290792	
2	1.75151	2.57354	2.50233	
2	2.4489	1.01107	6.84101	
2	1.8305	1.17008	0.524902	
2	1.92731	2.04856	1.88084	
2	0.0281009	2.16059	-0.188245	
2	2.52915	1.26387	1.73391	
2	2.23861	2.02559	4.74266	
#ITERATION
71000
#type theta	psi	phi
1	0.831729	2.08621	5.74018	
1	0.849929	1.52236	3.15704	
1	0.612088	3.80414	6.9174	
1	3.53289	1.53787	6.04929	
1	0.822167	2.04347	1.5493	
1	-0.714832	0.726454	3.83539	
1	2.12158	1.46498	5.07077	
1	2.35447	1.03293	4.6422	
1	0.67966	1.89515	2.36314	
1	0.101214	1.07731	6.71341	
1	1.94454	1.05627	6.08979	
1	1.12775	2.17344	4.93988	
1	0.246465	1.53219	3.20466	
1	2.04817	1.01299	1.19752	
1	-1.31957	0.607245	2.60006	
1	1.82448	2.00441	5.27677	
1	3.10073	2.05762	4.81068	
1	0.805741	1.50626	4.00071	
1	1.83476	1.63	3.58677	
1	2.52228	2.0215	0.533754	
1	1.96592	1.61913	5.65722	
1	2.13769	1.5651	4.40856	
1	0.719512	1.96747	0.56996	
1	1.84895	1.89683	2.66723	
1	1.31469	1.09118	0.905211	
1	2.52569	2.49296	5.80031	
1	1.87854	2.46795	0.480292	
1	2.43968	1.87698	3.6244	
1	2.21941	1.55803	2.2489	
