2	2.46667	1.12825	2.67172	
2	1.59417	1.62887	0.976536	
2	1.41047	1.95048	3.68687	
2	1.5593	2.53299	1.29026	
2	1.98395	1.49577	1.616	
2	2.36112	1.79148	5.57556	
2	2.61213	1.95699	1.54519	
2	0.669017	0.640356	4.5903	
2	1.2657	1.02784	6.20425	
2	0.664267	1.13956	3.52001	
2	1.60832	1.56415	2.08887	
2	2.41708	0.567832	5.88683	
2	1.42003	1.36409	1.45412	
2	1.37108	1.90331	5.71233	
2	1.79386	1.28	2.61213	
2	1.64316	1.21734	4.57867	
2	1.14457	1.13031	2.91379	
2	0.776478	2.4889	0.473454	
2	1.75839	2.54046	2.63485	
2	2.46919	1.03525	6.80501	
2	1.66127	1.20489	0.518475	
2	1.95215	2.17702	1.96492	
2	0.0962885	2.07885	0.138965	
2	2.56373	1.23885	1.51384	
2	2.31158	1.99632	4.76888	
#ITERATION
69000
#type theta	psi	phi
1	0.906623	2.04768	5.73509	
1	0.909533	1.67779	3.19137	
1	0.52882	3.74741	6.91332	
1	3.411	1.55987	6.04808	
1	0.758744	2.15568	1.43969	
1	-0.737245	0.659286	3.89021	
1	2.00868	1.47877	5.03591	
1	2.32289	0.957279	4.64902	
1	0.673885	1.97376	2.41976	
1	-0.0841747	0.989169	5.68011	
1	1.9137	0.906843	6.10033	
1	1.23226	2.10653	5.0842	
1	0.365986	1.65065	3.36072	
1	1.93822	1.00448	1.2702	
1	-1.20495	0.509994	2.45156	
1	1.90676	2.05464	5.36598	
1	3.0204	1.97682	5.00375	
1	0.926118	1.55296	3.90363	
1	1.92405	1.62355	3.71412	
1	2.55378	1.98466	0.145058	
1	1.8649	1.4328	5.68137	
1	1.9665	1.47898	4.35564	
1	0.722031	1.97998	0.488401	
1	1.92569	1.91168	2.66014	
1	1.26104	1.09176	1.04986	
1	2.48836	2.3707	5.59288	
1	1.92126	2.54367	0.392401	
1	2.50729	1.9844	3.73687	
1	2.28237	1.55404	2.26909	
1	1.90228	1.10401	3.22109	
1	1.79003	1.00204	3.99936	
1	2.01052	1.96306	-0.239004	
1	1.68393	1.82545	4.70532	
1	0.752008	2.55753	2.37189	
1	1.90584	1.8794	0.447284	
1	1.62288	1.58171	3.18283	
1	1.87456	2.51926	4.74678	
1	2.54289	2.04872	2.65504	
1	2.26849	1.58712	2.98297	
1	1.92916	2.10882	4.09173	
1	1.47508	2.50567	-0.541508	
1	3.43776	1.4915	3.40502	
1	1.3968	2.12962	0.0236608	
1	1.35301	2.19162	0.877787	
1	2.48524	0.696646	1.54511	
1	2.30424	0.557988	3.79827	
1	-1.32843	1.16818	2.65	
1	0.908598	1.5806	1.15411	
1	1.55157	1.50739	-0.00904567	
1	1.44365	1.58257	5.25452	
1	2.64793	2.43982	1.38865	
1	1.35804	1.25701	3.63985	
1	2.30662	1.45695	0.0181062	
1	-4.66327	3.05691	-1.41644	
1	0.954579	1.66996	1.90172	
1	1.37177	2.46452	3.71529	
1	1.92815	2.18004	3.36029	
1	-0.289285	1.57052	2.86035	
1	2.0676	2.09924	1.12233	
1	0.401962	1.67962	1.60252	
2	1.25991	0.660515	3.52861	
2	1.92469	1.14769	1.98829	
2	0.605487	1.89017	4.92938	
2	1.17545	1.71036	2.5712	
2	2.51283	1.50375	4.61547	
2	1.03053	1.03517	4.98426	
2	0.668845	2.14383	3.59775	
2	0.69924	1.12498	5.97069	
2	2.48625	1.17013	-0.672845	
2	1.23078	2.14617	2.97507	
2	1.63938	0.956283	5.2421	
2	1.3582	2.19433	2.20386	
2	1.08034	1.13786	4.33179	
