1	2.08407	1.70954	3.00845	
1	1.85034	2.04276	4.04804	
1	1.45264	2.39473	-0.554155	
1	3.4571	1.46995	3.33205	
1	1.43327	2.04212	0.0965705	
1	1.38425	2.11039	0.810496	
1	2.3623	0.703793	1.82163	
1	2.31066	0.624936	3.62456	
1	-1.44164	1.14989	2.63186	
1	0.991829	1.61054	1.20455	
1	1.5841	1.50556	0.0732552	
1	1.62334	1.50289	5.1361	
1	2.55934	2.53192	1.41097	
1	1.20602	1.27195	3.61094	
1	2.20092	1.32091	0.0293929	
1	-4.94943	2.93363	-0.908457	
1	0.984961	1.6917	1.88397	
1	1.20359	2.54466	3.85885	
1	1.88978	2.18899	3.39938	
1	-0.394782	1.56669	2.75617	
1	1.96907	2.14008	1.21408	
1	0.401802	1.65478	1.19742	
2	1.22473	0.672647	3.58373	
2	1.94787	1.10473	1.98801	
2	0.59645	1.86784	4.89618	
2	1.08246	1.72425	2.58515	
2	2.75602	1.47978	4.5208	
2	1.25111	0.989028	4.92878	
2	0.535264	2.10123	3.82078	
2	0.746536	0.980547	5.73582	
2	2.55556	1.14236	-0.802119	
2	1.09347	2.21884	2.9536	
2	1.91124	0.855688	5.20743	
2	1.3105	2.17762	2.13703	
2	1.06989	1.09549	4.21351	
2	1.62836	0.635864	4.42237	
2	1.19109	2.06761	4.33994	
2	1.11076	1.51936	4.73866	
2	0.69749	0.735456	2.4699	
2	-0.736047	2.45622	1.72512	
2	2.3734	1.30575	3.66828	
2	1.31764	1.52462	0.569466	
2	2.9937	1.01667	3.46337	
2	1.06222	1.54827	-0.184724	
2	1.80511	0.60929	6.91067	
2	0.618492	1.33943	2.36654	
2	1.33719	1.15168	2.28536	
2	0.615983	1.20255	4.84491	
2	0.92699	1.46386	5.41056	
2	0.445697	0.0391468	4.68728	
2	2.33294	1.56046	0.829401	
2	1.46875	1.91219	1.54158	
2	1.40095	-0.603688	-0.493379	
2	1.39581	0.670625	1.71258	
2	0.674368	1.28314	0.529797	
2	1.51902	1.64782	4.25948	
2	0.72749	1.14967	1.47575	
2	2.40391	1.13109	2.59193	
2	1.55937	1.53329	1.10813	
2	1.21991	1.99809	3.61376	
2	1.45749	2.61651	1.4358	
2	2.02555	1.62176	1.54252	
2	2.48337	1.80795	5.63732	
2	2.56059	1.88713	1.39993	
2	0.566728	0.663465	4.67566	
2	1.2734	1.10029	6.44531	
2	0.625983	1.10481	3.45736	
2	1.60318	1.59718	2.06915	
2	2.61749	0.579071	5.71081	
2	1.44947	1.2782	1.63561	
2	1.43198	1.70378	5.71017	
2	1.78662	1.41586	2.57296	
2	1.7721	1.27473	4.6501	
2	1.2113	1.06693	2.94042	
2	0.770841	2.52796	0.365649	
2	1.79608	2.69194	2.7541	
2	2.59335	1.00484	7.00094	
2	1.81076	1.17247	0.623339	
2	1.95931	2.17599	1.99552	
2	0.142499	2.16638	0.0544808	
2	2.60675	1.32153	1.64611	
2	2.4088	2.03694	4.62268	
#ITERATION
67000
#type theta	psi	phi
1	0.848701	2.0646	5.90768	
1	0.85492	1.76157	3.24919	
1	0.631125	3.71194	7.04891	
1	3.51537	1.67268	5.90491	
1	0.873262	2.07595	1.44037	
1	-0.687133	0.701243	3.71967	
1	2.14245	1.53206	5.03258	
1	2.22871	0.963661	4.42762	
1	0.635464	1.964	2.34332	
1	-0.163036	1.04126	5.12236	
1	1.95341	0.939327	6.25074	
1	1.28446	2.08647	5.15003	
1	0.231523	1.57837	3.50393	
1	1.944	0.995295	1.22621	
1	-1.08387	0.575765	2.61367	
1	1.9396	2.06005	5.37897	
