2	0.194951	2.12838	0.489868	
2	2.5579	1.22454	1.75096	
2	2.25937	2.06119	4.72751	
#ITERATION
68000
#type theta	psi	phi
1	0.807905	2.03376	5.77996	
1	0.895321	1.64858	3.21324	
1	0.583377	3.70027	7.1309	
1	3.4952	1.63834	5.92797	
1	0.827008	2.12969	1.42203	
1	-0.456508	0.632101	3.94727	
1	2.0386	1.40784	4.91768	
1	2.40013	1.05676	4.66825	
1	0.618596	1.98574	2.35717	
1	-0.0280151	1.11395	4.89239	
1	1.89856	0.967206	6.04648	
1	1.2025	2.11165	5.04123	
1	0.258487	1.64712	3.57799	
1	1.92218	1.09648	1.11587	
1	-1.20226	0.568824	2.64204	
1	1.79946	2.13075	5.34993	
1	3.00212	2.03779	4.78951	
1	0.837076	1.62955	4.05308	
1	1.82092	1.54597	3.54538	
1	2.52351	2.04627	0.319847	
1	1.81982	1.57264	5.56004	
1	2.06154	1.53281	4.20173	
1	0.728499	1.8843	0.443844	
1	1.77809	1.92212	2.54834	
1	1.26289	0.97848	0.957761	
1	2.38406	2.45024	5.61166	
1	1.89713	2.45251	0.455945	
1	2.43134	1.92158	3.72297	
1	2.26601	1.55023	2.25038	
1	1.80966	1.04891	3.2126	
1	1.82487	1.06306	3.92857	
1	1.90163	2.08441	-0.266724	
1	1.6763	1.86886	4.66293	
1	0.521112	2.55696	2.43667	
1	1.79844	1.84357	0.48738	
1	1.5556	1.61961	3.04443	
1	1.7988	2.44221	4.69099	
1	2.51468	2.23777	2.80627	
1	2.18974	1.55242	3.05564	
1	1.89764	2.03715	4.09566	
1	1.33879	2.53768	-0.551224	
1	3.43163	1.52589	3.40667	
1	1.41144	2.0165	0.157139	
1	1.29632	2.08508	0.856242	
1	2.40191	0.662536	1.57467	
1	2.57403	0.607933	3.56897	
1	-1.30368	1.23418	2.42538	
1	1.02357	1.60452	1.03412	
1	1.60219	1.51992	-0.102945	
1	1.48569	1.54971	5.14451	
1	2.65173	2.49666	1.265	
1	1.30828	1.33606	3.47485	
1	2.18148	1.52539	-0.00102239	
1	-4.62346	3.2275	-1.55633	
1	0.990537	1.62642	1.91722	
1	1.28418	2.55859	3.63505	
1	1.91669	2.05818	3.30586	
1	-0.386434	1.62957	2.68555	
1	2.02265	2.07561	1.11217	
1	0.48761	1.70093	1.43138	
2	1.40029	0.669295	3.61319	
2	1.88419	1.04614	2.05808	
2	0.59812	2.01487	4.87368	
2	1.10528	1.67965	2.5677	
2	2.7025	1.56312	4.39608	
2	1.32041	0.920326	4.97224	
2	0.642182	2.19427	3.61379	
2	0.615451	1.04494	5.84146	
2	2.4977	1.2035	-0.59369	
2	1.23484	2.16162	3.02761	
2	1.92806	1.00125	5.37123	
2	1.2528	2.19348	2.07714	
2	1.12617	1.09214	4.15114	
2	1.92977	0.632787	4.53442	
2	1.17164	2.13641	4.2968	
2	1.1286	1.51141	4.60385	
2	0.69896	0.622767	2.86743	
2	-0.571477	2.52806	1.75543	
2	2.36749	1.2508	3.63471	
2	1.16414	1.51441	0.458785	
2	3.08736	1.06276	3.73744	
2	0.960775	1.49748	-0.170353	
2	1.84332	0.613416	6.88997	
2	0.584956	1.32393	2.32895	
2	1.18973	1.11804	2.23145	
2	0.590528	1.24512	4.6521	
2	0.931236	1.51974	5.20345	
2	0.291557	0.0663675	4.70272	
2	2.23159	1.53877	0.867803	
2	1.47667	1.92653	1.49994	
2	1.52319	-0.666869	-0.586056	
2	1.3174	0.569487	1.64176	
2	0.673461	1.27451	0.501943	
2	1.51386	1.55388	4.08423	
2	0.790341	1.03035	1.63066	
