2	1.42319	0.753798	3.42997	
2	1.90937	1.04939	1.79893	
2	0.716801	1.89031	4.90896	
2	1.13322	1.66373	2.45379	
2	2.73128	1.45865	4.4098	
2	1.1683	1.03858	4.98781	
2	0.554664	2.21043	4.04014	
2	0.639111	1.00839	6.01036	
2	2.49231	1.14122	-0.738248	
2	1.17588	2.23984	2.89219	
2	1.84749	0.977599	5.20646	
2	1.20336	2.13029	2.07604	
2	1.21842	1.02948	4.27222	
2	1.7291	0.559397	4.41712	
2	1.30445	2.08032	4.42833	
2	1.1665	1.58494	4.70429	
2	0.667673	0.556339	2.75894	
2	-0.839353	2.44074	1.96419	
2	2.4004	1.22466	3.4342	
2	1.3271	1.53211	0.390701	
2	2.99589	0.962464	3.26741	
2	1.07503	1.57016	-0.150136	
2	1.82062	0.652754	6.76685	
2	0.6676	1.30442	2.416	
2	1.2327	1.08115	2.2453	
2	0.631276	1.30981	4.74903	
2	0.916586	1.46788	5.44044	
2	0.281394	0.0299472	4.61943	
2	2.33651	1.47762	0.919465	
2	1.43558	1.86315	1.48765	
2	1.3901	-0.687735	-0.515602	
2	1.46923	0.575968	1.53367	
2	0.789041	1.24923	0.543133	
2	1.50236	1.54616	4.12597	
2	0.722666	0.999859	1.51357	
2	2.30988	1.08189	2.60395	
2	1.76044	1.4749	1.02137	
2	1.35101	1.95172	3.70768	
2	1.40219	2.57342	1.33147	
2	2.00318	1.56138	1.57213	
2	2.53947	1.71815	5.47773	
2	2.55916	1.82743	1.52842	
2	0.467896	0.729912	4.69244	
2	1.28285	0.976462	6.32178	
2	0.751524	1.10208	3.65946	
2	1.58255	1.62814	2.0294	
2	2.52488	0.549562	5.51385	
2	1.37857	1.18457	1.51653	
2	1.45091	1.88224	5.75454	
2	1.62781	1.37373	2.53315	
2	1.73298	1.13359	4.61002	
2	1.12338	1.19253	3.01518	
2	0.801694	2.5397	0.25002	
2	1.76022	2.55029	2.48413	
2	2.49008	1.03368	6.64247	
2	1.88822	1.28514	0.391069	
2	1.96509	2.12064	1.85151	
2	0.200531	2.12032	0.444093	
2	2.53108	1.28426	1.77252	
2	2.45506	1.98597	4.59431	
#ITERATION
66000
#type theta	psi	phi
1	0.784068	2.10508	5.77844	
1	0.873418	1.61834	3.25532	
1	0.478761	3.78243	6.97207	
1	3.58101	1.62035	6.06185	
1	0.901986	2.1739	1.40916	
1	-0.498664	0.680424	3.77409	
1	2.24732	1.49644	5.00493	
1	2.2983	0.986495	4.49864	
1	0.5548	1.99576	2.23015	
1	-0.0558619	1.11069	5.52048	
1	1.94348	0.90789	6.05466	
1	1.29932	1.99591	5.16943	
1	0.315267	1.58276	3.5714	
1	1.94078	1.05607	1.19259	
1	-1.22659	0.542955	2.81158	
1	1.94295	1.96764	5.2591	
1	3.1334	1.98772	4.76673	
1	0.876502	1.62271	4.07911	
1	1.77497	1.62569	3.55184	
1	2.46515	2.10919	0.394619	
1	2.01166	1.44924	5.58346	
1	2.0531	1.53096	4.25185	
1	0.905068	1.93489	0.51526	
1	1.67323	1.97405	2.68185	
1	1.20023	0.994271	1.06507	
1	2.57143	2.41129	5.68126	
1	1.8815	2.5592	0.409082	
1	2.3912	1.89031	3.60217	
1	2.2746	1.68988	2.24253	
1	1.90998	1.08697	3.23014	
1	1.68955	1.14064	3.90438	
1	1.97703	2.06603	-0.290425	
1	1.75035	1.88591	4.69082	
1	0.574248	2.58352	2.36773	
1	1.85923	1.78527	0.488136	
1	1.48677	1.54282	3.07293	
1	1.77282	2.4641	4.81145	
1	2.50818	2.16896	2.60067	
