1	1.74059	1.00254	3.29784	
1	1.82456	0.93551	4.02779	
1	1.89901	2.04084	-0.104706	
1	1.63486	1.88101	4.65947	
1	0.671528	2.46553	2.74638	
1	1.93677	1.89366	0.560973	
1	1.54812	1.62634	3.07964	
1	1.77229	2.52758	4.87306	
1	2.4834	2.05436	2.65656	
1	2.14021	1.56903	3.03813	
1	1.80718	2.11852	4.048	
1	1.48452	2.51344	-0.407314	
1	3.36543	1.58437	3.83453	
1	1.24427	2.03112	-0.00432212	
1	1.29002	2.06288	0.820332	
1	2.57238	0.619564	1.78658	
1	2.41592	0.702096	3.60849	
1	-1.45945	1.27307	2.54908	
1	1.03034	1.62992	1.15167	
1	1.60669	1.56285	-0.0528314	
1	1.48649	1.53377	5.12776	
1	2.48823	2.42078	1.53236	
1	1.2933	1.31173	3.66529	
1	2.265	1.57288	0.138103	
1	-4.39706	3.12041	-1.03915	
1	1.06423	1.54215	1.88302	
1	1.42162	2.56951	3.60818	
1	1.9017	2.18371	3.27058	
1	-0.461791	1.51235	3.01482	
1	1.90447	2.14553	1.21834	
1	0.525086	1.52111	1.45569	
2	1.17552	0.587228	3.61389	
2	1.98824	0.95961	2.14153	
2	0.553216	1.78299	4.8219	
2	1.13381	1.58054	2.51906	
2	2.71982	1.4842	4.54152	
2	1.20608	1.01024	4.91462	
2	0.630537	1.99163	3.59845	
2	0.820273	1.06823	5.70728	
2	2.58274	1.27344	-0.478895	
2	1.18307	2.15457	3.00401	
2	1.96111	0.945362	5.37253	
2	1.29783	2.09061	2.20544	
2	1.18667	0.983118	4.18675	
2	1.7506	0.661498	4.75207	
2	1.07438	2.18315	4.18243	
2	1.10232	1.55899	4.66071	
2	0.699675	0.680361	2.39626	
2	-0.496604	2.50372	1.65641	
2	2.30939	1.31254	3.71155	
2	1.32721	1.62253	0.458373	
2	3.04489	1.00086	3.32049	
2	1.03983	1.51163	-0.0700317	
2	1.80696	0.640751	6.85357	
2	0.628349	1.2614	2.30722	
2	1.25839	0.998537	2.17729	
2	0.542524	1.18533	4.70053	
2	0.950073	1.57654	5.31502	
2	0.183091	-0.0232978	4.80279	
2	2.24833	1.53982	1.01909	
2	1.43916	1.80926	1.4895	
2	1.45527	-0.546237	-0.522275	
2	1.49929	0.644547	1.48194	
2	0.802502	1.33638	0.609629	
2	1.49654	1.55839	4.12198	
2	0.928985	1.02269	1.42265	
2	2.37276	1.0993	2.89372	
2	1.66478	1.58005	0.99385	
2	1.31298	1.89814	3.60983	
2	1.40848	2.48716	1.47611	
2	1.96047	1.64345	1.61661	
2	2.54707	1.9111	5.72706	
2	2.50291	1.86988	1.58652	
2	0.427467	0.623516	4.6969	
2	1.39135	0.962292	6.37514	
2	0.715743	1.03912	3.49464	
2	1.62834	1.55241	2.1239	
2	2.42353	0.610546	5.82434	
2	1.50312	1.24487	1.57747	
2	1.42493	1.88005	5.70623	
2	1.69898	1.22054	2.67197	
2	1.66219	1.27589	4.60494	
2	1.15384	1.11112	2.93758	
2	0.838985	2.54075	0.484809	
2	1.87768	2.49103	2.61345	
2	2.55446	1.01048	6.84417	
2	1.83146	1.26378	0.502991	
2	1.91915	2.11451	1.96654	
2	0.0153124	2.06699	-0.273405	
2	2.51233	1.19568	1.71106	
2	2.30749	2.07976	4.59807	
#ITERATION
72000
#type theta	psi	phi
1	0.744761	2.02193	5.81762	
1	0.899658	1.47618	3.30388	
1	0.597772	3.77945	7.00757	
1	3.54592	1.50238	5.91634	
1	0.724204	2.07308	1.50637	
1	-0.756104	0.579981	3.64077	
1	2.10164	1.55321	5.15811	
