1	3.06072	2.09727	5.04322	
1	0.818146	1.66097	4.00873	
1	1.73516	1.69277	3.65501	
1	2.52572	2.02225	0.538943	
1	1.93888	1.49395	5.65901	
1	2.05884	1.49698	4.20292	
1	0.718286	1.88842	0.49551	
1	1.79649	1.96687	2.59798	
1	1.33209	1.09191	0.970775	
1	2.53666	2.39316	5.72787	
1	2.05814	2.49243	0.388272	
1	2.49274	1.8551	3.74296	
1	2.20584	1.57768	2.34629	
1	1.81218	1.18913	3.30252	
1	1.69561	1.10477	3.98175	
1	2.02116	1.95203	-0.179466	
1	1.66945	1.84172	4.768	
1	0.681841	2.50892	2.32026	
1	1.87931	1.80258	0.458548	
1	1.52963	1.68874	3.10453	
1	1.72751	2.44911	4.69111	
1	2.45502	2.12292	2.64279	
1	2.12732	1.69682	3.05402	
1	1.88073	2.14641	4.06964	
1	1.56572	2.46737	-0.475306	
1	3.44834	1.46487	3.38334	
1	1.36842	2.08929	0.0793536	
1	1.40476	2.04693	0.898297	
1	2.45636	0.590127	1.88714	
1	2.25269	0.674373	3.48811	
1	-1.41025	1.21366	2.62254	
1	1.02595	1.53179	1.15751	
1	1.66702	1.54304	0.0211067	
1	1.5929	1.49198	5.24181	
1	2.64479	2.5082	1.56944	
1	1.22497	1.34044	3.54645	
1	2.28804	1.41971	0.124763	
1	-4.46377	3.03599	-1.16368	
1	0.961499	1.52635	1.90578	
1	1.29898	2.56939	3.84645	
1	1.91279	2.17325	3.31058	
1	-0.369187	1.56998	2.637	
1	1.97314	2.03647	1.03457	
1	0.44528	1.61849	1.4744	
2	1.3302	0.751467	3.46357	
2	1.88	1.00798	1.99654	
2	0.693661	1.93366	4.92536	
2	1.19911	1.62141	2.65115	
2	2.66455	1.521	4.67004	
2	1.21447	1.04883	5.10433	
2	0.640837	2.19696	3.72488	
2	0.70519	1.02224	5.79274	
2	2.49257	1.14281	-0.828888	
2	1.19667	2.19793	2.8689	
2	1.84927	0.925628	5.32311	
2	1.32769	2.10129	2.13815	
2	1.09338	1.16047	4.1589	
2	1.49495	0.64899	4.4719	
2	1.10978	2.0805	4.38653	
2	1.15851	1.58981	4.67776	
2	0.709046	0.580722	2.41224	
2	-0.781113	2.50781	2.03395	
2	2.36744	1.30757	3.55708	
2	1.23427	1.60211	0.456381	
2	2.99975	1.11584	3.58505	
2	0.978824	1.51254	-0.191672	
2	1.71242	0.62997	6.93687	
2	0.631391	1.35831	2.55069	
2	1.17586	1.06008	2.2062	
2	0.636082	1.33126	4.6961	
2	0.971892	1.51181	5.45579	
2	0.377302	0.0563518	4.33686	
2	2.36243	1.48359	0.978942	
2	1.51385	1.8152	1.5399	
2	1.522	-0.778948	-0.535756	
2	1.41058	0.637885	1.61414	
2	0.652737	1.26351	0.464942	
2	1.52639	1.68206	4.1612	
2	0.793649	1.05258	1.50267	
2	2.30661	1.10665	2.73482	
2	1.71761	1.5225	1.06544	
2	1.27896	2.05996	3.66621	
2	1.46499	2.5222	1.46678	
2	2.07831	1.54864	1.51595	
2	2.47635	1.81828	5.56687	
2	2.56033	1.85771	1.68608	
2	0.498535	0.715126	4.56447	
2	1.20783	1.03826	6.45247	
2	0.666117	1.09723	3.60616	
2	1.57641	1.50334	2.10011	
2	2.59739	0.584334	5.40613	
2	1.4392	1.23943	1.56598	
2	1.4282	1.89209	5.78292	
2	1.67299	1.32483	2.73666	
2	1.64129	1.21141	4.59782	
2	1.12488	1.14971	2.91788	
2	0.921342	2.58418	0.432417	
2	1.7976	2.62678	2.56673	
2	2.57146	0.928792	6.77769	
2	1.85149	1.18431	0.570934	
2	1.91361	2.13056	1.94261	
