2	1.82305	0.587038	6.79675	
2	0.60935	1.34538	2.65471	
2	1.2295	1.14319	2.24534	
2	0.6406	1.23529	4.58727	
2	0.964297	1.50016	5.38923	
2	-0.16079	-0.0363545	4.37067	
2	2.24614	1.5015	0.821885	
2	1.46545	1.90424	1.43742	
2	1.59892	-0.692917	-0.489966	
2	1.42366	0.574884	1.63901	
2	0.734325	1.21609	0.420766	
2	1.53665	1.7027	4.14854	
2	0.77842	1.07676	1.44525	
2	2.33166	0.981625	2.62732	
2	1.65127	1.49088	0.97036	
2	1.23859	2.00875	3.65266	
2	1.46732	2.54262	1.3858	
2	1.9575	1.57587	1.42747	
2	2.58451	1.74039	5.50408	
2	2.45473	1.85525	1.70178	
2	0.419458	0.598988	4.37667	
2	1.28397	0.915645	6.3663	
2	0.73473	1.06102	3.69646	
2	1.57683	1.66531	2.18512	
2	2.62551	0.596759	5.43972	
2	1.43528	1.27329	1.62643	
2	1.43889	1.78273	5.65086	
2	1.68625	1.30681	2.61408	
2	1.73671	1.27665	4.57268	
2	1.19625	1.13149	3.09395	
2	0.774188	2.50577	0.103181	
2	1.7347	2.56404	2.46525	
2	2.37822	0.991989	6.8117	
2	1.79573	1.213	0.460596	
2	1.92875	2.10852	1.87513	
2	0.124282	2.16638	-0.0574605	
2	2.56551	1.1972	1.58274	
2	2.35558	2.04237	4.67014	
#ITERATION
65000
#type theta	psi	phi
1	0.856227	2.01302	5.83809	
1	0.772033	1.71426	3.15739	
1	0.564988	3.81188	6.8856	
1	3.60351	1.54769	5.89248	
1	0.843859	2.17683	1.34132	
1	-0.72624	0.608598	3.78863	
1	2.12381	1.51808	4.95296	
1	2.39848	0.947216	4.4386	
1	0.557296	1.99338	2.27701	
1	-0.0356852	1.10703	5.5326	
1	1.93209	0.982666	6.04358	
1	1.25896	1.95265	5.19506	
1	0.330504	1.64151	3.70742	
1	2.04754	0.966578	1.11863	
1	-1.37649	0.55882	2.44917	
1	2.01186	1.99587	5.27906	
1	3.11414	1.98857	4.22796	
1	0.887247	1.71044	4.1459	
1	1.81606	1.5773	3.58958	
1	2.40974	1.93945	0.476331	
1	2.05179	1.52731	5.64427	
1	2.12943	1.64008	4.22584	
1	0.815121	1.87572	0.503744	
1	1.68932	1.97451	2.52443	
1	1.33825	1.01568	0.892255	
1	2.61315	2.38038	5.78579	
1	1.86375	2.50822	0.297211	
1	2.32248	1.84579	3.48161	
1	2.11264	1.53194	2.23192	
1	1.73515	1.20278	3.10067	
1	1.90241	1.12685	3.87036	
1	2.08686	2.02254	-0.280068	
1	1.67747	1.77631	4.77946	
1	0.628439	2.66055	2.32574	
1	1.8501	1.82306	0.495361	
1	1.43847	1.65302	3.16133	
1	1.80982	2.47288	4.81332	
1	2.32402	2.09716	2.49862	
1	2.0154	1.62638	2.95522	
1	1.93769	2.14377	3.94905	
1	1.71085	2.45014	-0.609694	
1	3.38776	1.40215	3.5633	
1	1.35118	2.04708	0.139246	
1	1.36171	2.09669	0.805781	
1	2.49197	0.590138	1.80673	
1	2.20201	0.670862	3.53016	
1	-1.33144	1.14155	2.48071	
1	1.12352	1.55622	1.03387	
1	1.6801	1.58863	-0.136177	
1	1.57128	1.50217	5.28146	
1	2.64793	2.489	1.4488	
1	1.33147	1.2878	3.59078	
1	2.29459	1.53198	-0.0210557	
1	-4.13162	2.99353	-0.906316	
1	0.967963	1.53635	1.78862	
1	1.2742	2.61756	3.76704	
1	1.83782	2.13165	3.19126	
1	-0.368336	1.56277	2.95713	
1	1.99939	2.08217	1.13665	
1	0.494616	1.62963	1.25713	
