2	1.59384	0.572593	4.62852	
2	1.23226	2.11418	4.34657	
2	1.09474	1.63563	4.66343	
2	0.865228	0.704894	2.67149	
2	-0.655951	2.46705	1.6837	
2	2.366	1.25106	3.73563	
2	1.33752	1.70508	0.541131	
2	3.1558	1.04353	4.09631	
2	0.924091	1.60422	-0.0395747	
2	1.83197	0.644316	6.90924	
2	0.750911	1.34576	2.55795	
2	1.33602	1.09697	2.22148	
2	0.516817	1.28198	4.61087	
2	0.917831	1.52117	5.44301	
2	0.580578	-0.0136494	4.67377	
2	2.2563	1.5997	0.825752	
2	1.48265	1.97979	1.57847	
2	1.41252	-0.655737	-0.443887	
2	1.45355	0.558203	1.73147	
2	0.608917	1.31918	0.653739	
2	1.45363	1.54271	4.16511	
2	0.80123	1.04716	1.54197	
2	2.45349	0.972812	2.674	
2	1.68653	1.53513	1.05947	
2	1.36795	1.91685	3.6353	
2	1.66519	2.63424	1.50664	
2	2.13916	1.57355	1.49644	
2	2.39331	1.711	5.56669	
2	2.67348	1.81449	1.55492	
2	0.543354	0.674095	4.39907	
2	1.17806	1.03259	6.53112	
2	0.781251	1.07334	3.38366	
2	1.62729	1.70126	2.22205	
2	2.60427	0.597443	5.85216	
2	1.45383	1.3897	1.63174	
2	1.4224	1.8012	5.78593	
2	1.84811	1.30873	2.62226	
2	1.55784	1.29007	4.65309	
2	1.32777	1.09529	2.9885	
2	0.844225	2.54143	0.419104	
2	1.81484	2.47301	2.69384	
2	2.40948	1.01567	6.83554	
2	1.797	1.22687	0.630719	
2	2.1209	2.06301	1.85936	
2	0.103373	2.12638	-0.0199441	
2	2.54208	1.24975	1.58273	
2	2.27398	2.074	4.78698	
#ITERATION
70000
#type theta	psi	phi
1	0.804735	2.13819	5.7466	
1	0.866291	1.55522	3.26178	
1	0.67826	3.77428	6.79508	
1	3.524	1.61068	6.02857	
1	0.761723	2.1631	1.36131	
1	-0.659284	0.719377	3.8491	
1	2.09883	1.47817	5.0339	
1	2.35255	1.08069	4.53985	
1	0.58463	1.96062	2.29991	
1	0.00238122	1.06397	6.32856	
1	1.96199	1.09484	6.19573	
1	1.23038	2.04236	5.08596	
1	0.307441	1.61716	3.33177	
1	2.00108	1.0317	1.35842	
1	-1.27604	0.594561	2.51757	
1	1.84951	1.93271	5.37223	
1	3.01883	2.18632	4.81396	
1	0.981494	1.71034	3.96463	
1	1.89485	1.54739	3.63737	
1	2.26076	2.16168	0.454101	
1	1.87351	1.51857	5.82896	
1	2.11057	1.56744	4.32677	
1	0.735084	1.9327	0.346254	
1	1.69517	1.93206	2.52494	
1	1.20464	1.0835	0.84748	
1	2.40019	2.55915	5.71945	
1	1.64931	2.56081	0.414671	
1	2.42871	1.92776	3.7231	
1	2.21554	1.65234	2.25996	
1	1.87417	1.09668	3.28535	
1	1.79853	1.06403	3.97965	
1	1.87687	1.96283	-0.12621	
1	1.66189	1.84351	4.71133	
1	0.769798	2.54413	2.33967	
1	1.82103	1.74948	0.546902	
1	1.55416	1.61688	3.14594	
1	1.66255	2.50727	4.62277	
1	2.53727	2.13141	2.73917	
1	2.17613	1.62294	3.05315	
1	1.91379	2.13439	4.05297	
1	1.50277	2.45574	-0.592321	
1	3.44314	1.63732	3.73606	
1	1.39045	2.10287	0.0961234	
1	1.35684	2.05682	0.830818	
1	2.6248	0.683501	1.63767	
1	2.38686	0.623539	3.90021	
1	-1.30446	1.25045	2.54971	
1	0.976766	1.5932	1.11535	
1	1.54083	1.51498	0.0404373	
1	1.51477	1.42117	5.14561	
1	2.45391	2.51453	1.49014	
