2	0.959021	1.58227	5.33787	
2	-0.384611	0.0763511	5.47736	
2	2.17271	1.56739	0.874934	
2	1.43184	1.89478	1.45843	
2	1.44789	-0.651101	-0.592991	
2	1.35988	0.66184	1.64143	
2	0.723087	1.25297	0.456375	
2	1.50411	1.61688	4.22346	
2	0.731373	1.01665	1.59592	
2	2.32651	1.0763	2.86433	
2	1.6525	1.55879	1.06376	
2	1.39099	1.94936	3.66062	
2	1.34905	2.5303	1.42706	
2	2.03827	1.69855	1.52586	
2	2.52946	1.89679	5.74408	
2	2.55004	1.96513	1.62654	
2	0.783937	0.605134	4.72982	
2	1.34409	0.988168	6.36462	
2	0.729863	1.08619	3.48169	
2	1.61912	1.64743	2.01288	
2	2.38102	0.603763	5.88846	
2	1.37206	1.32808	1.62538	
2	1.41905	1.92684	5.83554	
2	1.73929	1.30319	2.64167	
2	1.94045	1.25943	4.72491	
2	1.23759	1.04466	3.09109	
2	0.748371	2.36358	0.511213	
2	1.65379	2.54277	2.50811	
2	2.45484	0.991694	6.915	
2	1.82271	1.19696	0.542807	
2	1.88087	2.11558	1.87625	
2	0.089957	2.08249	-0.238543	
2	2.56537	1.34314	1.77754	
2	2.36941	2.13416	4.77579	
#ITERATION
74000
#type theta	psi	phi
1	0.847394	2.04837	5.83314	
1	0.892173	1.59889	3.15087	
1	0.772882	3.80601	7.02585	
1	3.47297	1.57226	5.7439	
1	0.853561	2.13148	1.49769	
1	-0.614251	0.745705	3.46879	
1	2.28788	1.48053	5.09796	
1	2.42619	0.990554	4.56011	
1	0.555076	1.92498	2.46348	
1	0.0106784	1.02815	7.60974	
1	1.95415	1.10753	6.10954	
1	1.28753	2.12467	5.16519	
1	0.285477	1.54528	3.68157	
1	1.84006	1.01871	1.23969	
1	-1.45683	0.736099	2.58527	
1	1.95734	2.04833	5.46298	
1	3.13781	2.04677	4.65456	
1	0.835892	1.62488	4.01364	
1	1.82792	1.64157	3.59999	
1	2.45257	2.06013	0.370198	
1	1.95731	1.55992	5.76334	
1	2.10132	1.56991	4.3101	
1	0.694409	1.89622	0.382694	
1	1.79346	2.00821	2.68432	
1	1.13916	1.11961	0.712759	
1	2.436	2.43765	5.69227	
1	1.96516	2.54997	0.508122	
1	2.40933	1.86924	3.68007	
1	2.26028	1.54866	2.204	
1	1.7762	0.934452	3.36718	
1	1.82053	1.09868	4.03738	
1	1.9592	2.09121	-0.0563792	
1	1.79355	1.9098	4.75878	
1	0.58863	2.53464	2.31147	
1	1.85554	1.7927	0.51264	
1	1.58427	1.5275	3.12564	
1	1.83899	2.48255	4.80251	
1	2.46958	2.08698	2.82199	
1	2.16918	1.52769	2.95862	
1	1.76202	2.14942	4.00222	
1	1.52147	2.51344	-0.516203	
1	3.46127	1.60381	3.62758	
1	1.35536	2.14841	0.151022	
1	1.34789	2.12453	0.872396	
1	2.51207	0.713616	1.7772	
1	2.47325	0.670723	3.5823	
1	-1.47414	1.27836	2.60456	
1	0.957336	1.50283	1.1558	
1	1.62044	1.56475	-0.0170519	
1	1.62376	1.62771	5.23718	
1	2.81032	2.52667	1.55522	
1	1.33193	1.25198	3.58691	
1	2.25149	1.47461	0.149371	
1	-4.35735	3.09753	-0.614589	
1	0.993499	1.63209	1.82451	
1	1.19199	2.53089	3.61783	
1	1.76565	2.18309	3.31953	
1	-0.428519	1.45214	2.36407	
1	2.02415	2.13693	1.08675	
1	0.292479	1.6089	1.44598	
2	1.3228	0.624348	3.79729	
2	1.83478	1.12665	2.05977	
2	0.673469	1.98523	4.90915	
2	1.19307	1.62628	2.51313	
