2	1.32461	1.78355	5.80743	
2	1.64038	1.24796	2.77132	
2	1.75388	1.2484	4.68787	
2	1.20459	0.996763	3.06603	
2	0.767112	2.52842	0.687544	
2	1.85539	2.51805	2.64724	
2	2.43761	1.06669	6.73653	
2	1.88428	1.33888	0.547187	
2	1.97691	2.128	2.02045	
2	-0.0636261	2.0696	-0.463792	
2	2.50621	1.23684	1.65588	
2	2.32831	2.04862	4.81488	
#ITERATION
73000
#type theta	psi	phi
1	0.685202	2.04886	5.71003	
1	0.867807	1.72671	3.2661	
1	0.679294	3.7377	6.8712	
1	3.46548	1.63597	6.18534	
1	0.771833	2.01131	1.48681	
1	-0.599953	0.671877	3.60926	
1	2.17157	1.59241	5.06983	
1	2.43196	0.924217	4.89415	
1	0.559885	1.92586	2.44958	
1	0.0277517	1.04704	7.57571	
1	1.99359	1.04206	6.14506	
1	1.18192	2.14062	5.15826	
1	0.340172	1.55602	3.7342	
1	1.9925	1.17532	1.29278	
1	-1.30333	0.627052	2.60316	
1	1.86686	2.09748	5.30164	
1	3.08934	2.14355	4.75599	
1	0.943595	1.58231	4.03758	
1	1.85586	1.60267	3.74517	
1	2.40535	2.08208	0.482388	
1	1.84903	1.50268	5.86019	
1	2.18854	1.66298	4.36016	
1	0.682337	1.79582	0.567099	
1	1.79481	1.925	2.55847	
1	1.41088	1.02932	1.03162	
1	2.42846	2.51043	5.55799	
1	1.79922	2.55321	0.358828	
1	2.49109	1.9338	3.80509	
1	2.24386	1.54497	2.43551	
1	1.77485	1.17931	3.39829	
1	1.87092	1.01928	4.11518	
1	1.96685	2.10439	-0.186998	
1	1.74762	1.89059	4.66258	
1	0.578191	2.55677	2.26651	
1	1.86226	1.81529	0.483454	
1	1.49255	1.57372	3.11969	
1	1.71495	2.52528	4.61368	
1	2.42183	2.12838	2.72004	
1	2.10132	1.61604	3.06553	
1	1.86138	2.11482	4.04026	
1	1.32163	2.45857	-0.485871	
1	3.45998	1.59473	3.56736	
1	1.33145	2.09996	0.201429	
1	1.26274	2.0403	0.880738	
1	2.40095	0.72531	1.7736	
1	2.59089	0.608437	3.58215	
1	-1.31632	1.31554	2.59048	
1	0.968265	1.52614	1.1717	
1	1.54345	1.51958	0.048102	
1	1.57921	1.6163	5.25977	
1	2.43908	2.55209	1.39461	
1	1.25984	1.20636	3.77525	
1	2.21496	1.55084	0.0188219	
1	-4.31507	3.09794	-0.520211	
1	0.869152	1.60525	1.96231	
1	1.43759	2.53295	3.60249	
1	1.82412	2.16774	3.23512	
1	-0.380591	1.54658	2.4757	
1	1.91698	2.18663	1.03071	
1	0.327646	1.51438	1.37834	
2	1.54774	0.610252	3.56586	
2	1.90088	1.09737	1.9305	
2	0.60735	1.82714	4.70243	
2	1.19339	1.63084	2.54558	
2	2.73258	1.51251	4.81211	
2	1.37628	1.10487	5.05368	
2	0.615635	2.19984	3.61164	
2	0.735534	1.02046	5.55533	
2	2.46935	1.28885	-0.556988	
2	1.10599	2.20845	2.97145	
2	1.94794	1.12893	5.39909	
2	1.23071	2.1118	2.03895	
2	1.37807	1.07574	4.40111	
2	1.76772	0.578991	4.81256	
2	1.10923	2.08521	4.27827	
2	1.14787	1.60647	4.72942	
2	0.737183	0.689317	2.65798	
2	-0.506934	2.54977	1.72081	
2	2.4746	1.23674	3.76538	
2	1.29224	1.46168	0.609926	
2	3.1563	1.04954	3.24709	
2	0.987967	1.59623	-0.0137285	
2	1.81132	0.522725	6.87064	
2	0.639708	1.32376	2.65719	
2	1.22567	1.09033	2.30395	
2	0.724923	1.16751	4.60702	
