2	1.98745	1.53872	1.58875	
2	2.52345	1.87693	5.62147	
2	2.42324	1.91559	1.55011	
2	0.539806	0.615792	5.00951	
2	1.25203	1.11508	6.2974	
2	0.684683	1.0388	3.53711	
2	1.5361	1.61345	1.96311	
2	2.62032	0.58391	5.70035	
2	1.35956	1.3261	1.52138	
2	1.41752	1.86652	5.63191	
2	1.60105	1.31392	2.56309	
2	1.85072	1.20148	4.48932	
2	1.06177	1.22255	2.90583	
2	0.804334	2.35801	0.351607	
2	1.75142	2.52655	2.61097	
2	2.47118	1.06539	6.70917	
2	1.81584	1.28278	0.554502	
2	1.94948	2.09974	1.92432	
2	0.129516	2.17521	-0.439239	
2	2.48087	1.29726	1.63799	
2	2.4181	2.00986	4.45131	
#ITERATION
78000
#type theta	psi	phi
1	0.869722	2.12971	5.68186	
1	0.829791	1.57179	3.06863	
1	0.73628	3.75165	6.68515	
1	3.55406	1.51599	5.80076	
1	0.601089	2.14304	1.28502	
1	-0.907452	0.569768	3.55732	
1	2.17259	1.55846	4.76893	
1	2.46363	1.08927	4.32607	
1	0.562527	1.79453	2.27516	
1	0.160129	0.954464	6.73264	
1	1.92905	0.934785	6.07009	
1	1.21312	1.98808	5.00996	
1	0.233488	1.4837	3.36741	
1	1.9047	1.05647	1.16696	
1	-1.36342	0.63144	2.46923	
1	1.8896	2.10034	5.2113	
1	3.10555	2.11622	4.28378	
1	0.932788	1.48707	3.94392	
1	1.85671	1.68609	3.53575	
1	2.51315	2.07065	0.551803	
1	1.96197	1.56447	5.65224	
1	2.17582	1.60191	4.06969	
1	0.746179	1.82697	0.189092	
1	1.71617	1.83476	2.58394	
1	1.36871	1.06447	0.714983	
1	2.50569	2.57993	5.69821	
1	1.84109	2.58483	0.525551	
1	2.48553	1.95824	3.49605	
1	2.15143	1.53161	2.19243	
1	1.75883	1.06199	3.11975	
1	1.82477	1.10191	3.88314	
1	1.99808	2.1583	-0.255416	
1	1.74416	1.87842	4.58012	
1	0.528784	2.50965	2.55016	
1	1.90132	1.85309	0.373762	
1	1.43158	1.54297	3.05019	
1	1.63338	2.43591	4.68528	
1	2.28988	2.15366	2.58236	
1	2.0901	1.53782	2.86204	
1	1.86491	2.17711	4.01294	
1	1.44539	2.55841	-0.649991	
1	3.42956	1.49801	3.72535	
1	1.46764	2.12749	0.117888	
1	1.13812	2.08825	0.842786	
1	2.38167	0.567393	1.58887	
1	2.30939	0.651438	3.35374	
1	-1.476	1.24547	2.58677	
1	1.07058	1.63526	1.06269	
1	1.69522	1.6236	-0.122308	
1	1.57487	1.58753	5.17915	
1	2.51601	2.52285	1.56675	
1	1.39698	1.40586	3.61156	
1	2.25192	1.49744	-0.0487598	
1	-4.78661	3.17147	-0.189324	
1	1.01721	1.64328	1.70333	
1	1.1059	2.52292	3.70548	
1	1.67164	2.27059	3.14482	
1	-0.3477	1.47284	2.68837	
1	2.01471	2.01751	1.0688	
1	0.481774	1.58887	1.22865	
2	1.21651	0.609683	3.45383	
2	1.91822	1.07788	1.89168	
2	0.656993	1.69726	4.68029	
2	1.0999	1.58247	2.38763	
2	2.73648	1.56174	4.50334	
2	1.26371	1.03815	5.04959	
2	0.557761	1.97956	3.58655	
2	0.773578	1.05325	5.7802	
2	2.50756	1.15042	-0.753479	
2	1.04781	2.08729	2.78532	
2	1.90345	1.00494	5.23161	
2	1.0953	2.16786	1.91512	
2	1.29102	1.08389	4.18594	
2	1.63911	0.596165	4.45283	
2	1.16779	1.94439	4.36489	
2	1.22299	1.43785	4.70631	
2	0.621705	0.597031	2.35435	
