77000
#type theta	psi	phi
1	0.940819	2.16128	5.65724	
1	0.788685	1.6681	3.29656	
1	0.767738	3.77197	6.79979	
1	3.62861	1.55083	5.74772	
1	0.783361	2.15335	1.38338	
1	-0.732269	0.595179	3.79324	
1	2.28102	1.51213	4.88722	
1	2.44472	1.04843	4.26277	
1	0.590336	1.89626	2.46741	
1	0.0666004	0.987218	6.86518	
1	1.93135	1.04714	6.19776	
1	1.28502	2.0702	4.96074	
1	0.298488	1.54666	3.67584	
1	1.9701	1.14989	1.14881	
1	-1.35919	0.644214	2.58545	
1	1.95955	2.12381	5.32253	
1	3.16284	2.00469	4.59614	
1	0.78539	1.56238	4.15845	
1	1.79503	1.62754	3.61235	
1	2.49517	2.07255	0.355053	
1	1.97851	1.5593	5.54521	
1	2.17098	1.56358	4.19019	
1	0.810378	1.82656	0.378863	
1	1.65986	1.91913	2.4841	
1	1.31167	1.10793	0.952728	
1	2.61853	2.44686	5.48923	
1	1.79986	2.48113	0.457983	
1	2.47639	1.87095	3.48015	
1	2.10953	1.62315	2.20966	
1	1.85883	1.08182	3.13149	
1	1.75318	1.05349	3.94277	
1	2.04301	1.99413	-0.235779	
1	1.63746	1.80101	4.57421	
1	0.563179	2.58817	2.20498	
1	1.8347	1.85341	0.402297	
1	1.48876	1.5667	3.07281	
1	1.92361	2.36172	4.54525	
1	2.42028	2.11152	2.62639	
1	2.13503	1.64762	2.94547	
1	1.71942	2.11528	3.90912	
1	1.67748	2.48408	-0.4946	
1	3.43583	1.51831	4.06049	
1	1.36681	2.04965	-0.0337481	
1	1.31004	2.08155	0.798666	
1	2.58588	0.626015	1.74828	
1	2.17195	0.614217	3.37657	
1	-1.40044	1.22934	2.5176	
1	1.05718	1.63957	1.09752	
1	1.63518	1.58392	-0.153032	
1	1.6384	1.47608	5.01527	
1	2.68552	2.49003	1.68239	
1	1.33244	1.18462	3.5442	
1	2.27689	1.50171	0.0374312	
1	-4.6921	3.11153	-0.0920087	
1	0.89685	1.65611	1.7869	
1	1.33655	2.58962	3.70318	
1	1.91866	2.10681	3.23403	
1	-0.473949	1.57776	2.86673	
1	1.96232	2.10661	1.14975	
1	0.457817	1.65959	1.20951	
2	1.07002	0.592084	3.35618	
2	1.73212	1.09043	1.97886	
2	0.600225	1.94558	4.78232	
2	1.09888	1.69039	2.49783	
2	2.83755	1.57279	4.38625	
2	1.27164	0.963033	5.04329	
2	0.653134	2.20802	3.4665	
2	0.712607	1.09623	5.8105	
2	2.56523	1.2125	-0.706466	
2	1.19977	2.17207	2.91886	
2	1.92065	1.03687	5.37956	
2	1.18782	2.20538	2.08759	
2	1.09666	0.982898	4.28075	
2	1.7269	0.602335	4.57911	
2	1.0618	2.17794	4.24302	
2	1.10944	1.5194	4.66356	
2	0.818329	0.715625	2.32937	
2	-0.744432	2.57666	1.80529	
2	2.36429	1.28998	3.43345	
2	1.25657	1.44231	0.499061	
2	2.97608	1.03035	2.91574	
2	1.0005	1.63403	-0.295287	
2	1.82453	0.613952	6.90964	
2	0.557647	1.34742	2.46818	
2	1.05711	1.22718	2.1433	
2	0.592762	1.25142	4.72518	
2	0.918569	1.63917	5.31955	
2	-0.243296	-0.0258312	6.43425	
2	2.27728	1.55091	0.905121	
2	1.39517	1.9257	1.55591	
2	1.46122	-0.771363	-0.655666	
2	1.32861	0.727742	1.5128	
2	0.709217	1.21638	0.461805	
2	1.36554	1.58669	4.04716	
2	0.78972	1.07529	1.4433	
2	2.29923	1.07707	2.46953	
2	1.60341	1.60492	0.985031	
2	1.27702	1.90771	3.59836	
2	1.6752	2.61174	1.53284	
