2	-0.654964	2.42869	1.71228	
2	2.41998	1.2403	3.3958	
2	1.29068	1.59231	0.412246	
2	3.1012	0.93311	2.93079	
2	1.12864	1.67825	-0.245091	
2	1.85354	0.626805	6.82685	
2	0.576583	1.18837	2.27312	
2	1.15389	1.05669	2.02069	
2	0.615307	1.14623	4.57756	
2	0.925616	1.59496	5.38465	
2	0.0463879	0.00506768	6.66875	
2	2.2528	1.51623	0.904232	
2	1.45001	1.99184	1.40104	
2	1.48215	-0.701934	-0.662488	
2	1.38156	0.721178	1.41319	
2	0.79661	1.3272	0.490721	
2	1.52599	1.56546	4.13801	
2	0.790558	1.12525	1.38743	
2	2.40856	0.992135	2.50845	
2	1.68132	1.53654	0.985056	
2	1.25096	1.95937	3.51099	
2	1.32039	2.56609	1.46105	
2	2.05529	1.60808	1.50114	
2	2.52394	1.78478	5.54866	
2	2.59854	1.84241	1.57352	
2	0.565666	0.619961	4.67669	
2	1.31504	1.04471	6.37314	
2	0.75556	1.07486	3.50746	
2	1.49379	1.59821	2.02841	
2	2.43449	0.586317	5.23018	
2	1.57005	1.35544	1.50985	
2	1.48413	1.94281	5.72343	
2	1.66454	1.21747	2.50252	
2	1.75859	1.14782	4.56987	
2	1.09339	1.12639	2.79893	
2	0.686237	2.55264	0.28511	
2	1.59391	2.39221	2.40503	
2	2.47311	0.971221	6.79873	
2	1.86392	1.25689	0.3626	
2	1.99251	2.03467	1.85904	
2	0.207028	2.06742	-0.292097	
2	2.46369	1.21646	1.52493	
2	2.39399	2.05612	4.56646	
#ITERATION
79000
#type theta	psi	phi
1	0.848351	2.08918	5.71062	
1	1.00344	1.57014	3.04479	
1	0.650248	3.78366	6.7308	
1	3.53689	1.6273	5.75908	
1	0.688889	2.02669	1.28937	
1	-0.714488	0.590273	3.73041	
1	2.16816	1.5439	5.02873	
1	2.4181	1.05743	4.56026	
1	0.618432	1.90505	2.48139	
1	0.0570118	1.02757	6.56829	
1	2.07368	1.00236	6.04078	
1	1.17476	2.02799	4.97046	
1	0.323399	1.5546	3.22803	
1	2.07982	1.02677	1.09094	
1	-1.34332	0.603882	2.52329	
1	1.82952	2.12452	5.25745	
1	3.22529	2.10145	4.60456	
1	0.964178	1.50163	3.8936	
1	2.00388	1.53231	3.57836	
1	2.34737	2.18361	0.433631	
1	2.00123	1.53051	5.63453	
1	2.18747	1.50516	4.21819	
1	0.647226	1.8816	0.272255	
1	1.70396	1.86459	2.43027	
1	1.25548	0.983023	0.694739	
1	2.55744	2.52678	5.36454	
1	1.81681	2.5963	0.377954	
1	2.45354	1.90922	3.66505	
1	2.1486	1.63038	2.06214	
1	1.8471	1.10943	3.11996	
1	1.91952	0.974443	3.84607	
1	1.93894	2.21746	-0.316918	
1	1.80599	1.83087	4.60295	
1	0.426256	2.58711	2.63505	
1	1.75133	1.89654	0.343389	
1	1.54384	1.65106	2.97218	
1	1.66962	2.43162	4.54712	
1	2.36875	2.11501	2.59773	
1	2.13869	1.54944	2.84762	
1	1.96177	2.06828	4.00727	
1	1.28705	2.52675	-0.679389	
1	3.50941	1.64709	3.58411	
1	1.32833	2.06482	0.000968647	
1	1.27423	2.12534	0.702462	
1	2.51775	0.643713	1.77088	
1	2.5111	0.699927	3.45506	
1	-1.45041	1.23507	2.55031	
1	0.970075	1.59635	0.939875	
1	1.60288	1.59579	-0.164388	
1	1.6069	1.555	5.11408	
1	2.4531	2.5028	1.48108	
1	1.42665	1.40947	3.44514	
1	2.20961	1.5145	-0.0525046	
1	-4.35823	3.16329	0.0474335	
1	0.973319	1.61698	1.73639	
