1	2.00755	1.51143	5.61144	
1	2.02748	1.55941	4.20799	
1	0.685287	1.92886	0.38817	
1	1.69401	1.88063	2.54889	
1	1.30762	1.01123	0.935427	
1	2.43353	2.51442	5.78112	
1	1.79384	2.50459	0.375053	
1	2.28137	1.89171	3.62434	
1	2.21246	1.6829	2.22861	
1	1.72001	1.01667	3.14928	
1	1.80994	0.927047	3.95484	
1	1.89571	2.02649	-0.268703	
1	1.72023	1.91333	4.61982	
1	0.705826	2.51385	2.47307	
1	1.73555	1.88615	0.485131	
1	1.52461	1.6086	3.05361	
1	1.76044	2.52496	4.63279	
1	2.35481	2.1023	2.75559	
1	2.08024	1.60139	2.92368	
1	1.66789	2.08585	3.95127	
1	1.50158	2.48957	-0.653871	
1	3.4931	1.54652	3.5654	
1	1.29673	2.11606	0.0147527	
1	1.32511	2.09848	0.853591	
1	2.42507	0.730864	1.65626	
1	2.37798	0.680592	3.31392	
1	-1.53026	1.16249	2.52399	
1	1.0487	1.5593	0.99845	
1	1.59439	1.53061	-0.0997024	
1	1.64354	1.50585	5.10943	
1	2.56473	2.53186	1.68354	
1	1.22478	1.23613	3.56648	
1	2.2487	1.557	0.041775	
1	-4.58513	3.08678	-0.203348	
1	0.94968	1.58235	1.83497	
1	1.43764	2.58391	3.56071	
1	1.77935	2.13218	3.30274	
1	-0.442143	1.56669	2.77037	
1	1.9975	2.08073	1.09527	
1	0.530161	1.60697	1.25481	
2	1.18734	0.609406	3.55903	
2	1.96962	1.1679	1.95145	
2	0.526456	1.87359	4.73261	
2	1.09071	1.53855	2.57753	
2	2.68359	1.59698	4.39237	
2	1.23045	0.963473	4.97582	
2	0.660087	2.05671	3.66113	
2	0.782786	1.12708	5.71277	
2	2.53023	1.30437	-0.751517	
2	1.15611	2.06349	2.98923	
2	1.9896	0.89381	5.22165	
2	1.27185	2.14446	2.13071	
2	1.21276	1.10871	4.22409	
2	1.68751	0.531759	4.49771	
2	1.11522	2.06193	4.34781	
2	1.12599	1.55629	4.75884	
2	0.562913	0.627568	2.30182	
2	-0.701499	2.52308	1.5571	
2	2.48063	1.24465	3.58403	
2	1.21066	1.64464	0.38055	
2	3.15879	1.08631	3.16712	
2	1.02209	1.66509	-0.224835	
2	1.85824	0.622152	7.04046	
2	0.568526	1.25958	2.37027	
2	1.20261	1.09577	2.20297	
2	0.606857	1.32167	4.87212	
2	0.923503	1.64318	5.37417	
2	-0.185478	0.0321512	5.99777	
2	2.17704	1.57958	0.764615	
2	1.45478	1.94801	1.48166	
2	1.44723	-0.685949	-0.613276	
2	1.31668	0.729878	1.61441	
2	0.69456	1.28463	0.394972	
2	1.47435	1.61566	4.16286	
2	0.766158	1.04001	1.43501	
2	2.3693	1.09262	2.66846	
2	1.61807	1.57735	1.08435	
2	1.24648	1.8439	3.59818	
2	1.46485	2.53744	1.46378	
2	1.95464	1.64226	1.57684	
2	2.50305	1.93177	5.55808	
2	2.5527	1.96037	1.41028	
2	0.546356	0.637321	4.80012	
2	1.21918	1.10388	6.39299	
2	0.581659	1.02132	3.63074	
2	1.49749	1.58448	2.07266	
2	2.54773	0.666495	5.89991	
2	1.40717	1.28395	1.60282	
2	1.42521	1.7163	5.56466	
2	1.72553	1.25129	2.50507	
2	1.65217	1.19159	4.55015	
2	1.11595	1.02521	2.89175	
2	0.800202	2.56406	0.191761	
2	1.75077	2.49865	2.67487	
2	2.46618	1.06138	6.79009	
2	1.74231	1.19554	0.534278	
2	2.00258	2.1309	1.86108	
2	-0.0242483	2.13425	-0.154376	
2	2.56262	1.28277	1.79764	
2	2.29865	2.01439	4.51077	
#ITERATION
