1	0.633299	2.49415	2.4011	
1	1.72866	1.83384	0.399948	
1	1.56404	1.50027	2.95554	
1	1.63992	2.54877	4.55451	
1	2.43461	2.22543	2.50241	
1	2.23257	1.63536	2.74714	
1	1.82309	2.03615	3.88538	
1	1.41164	2.55635	-0.587484	
1	3.41898	1.61986	3.66334	
1	1.24655	2.14962	-0.00102218	
1	1.31292	2.10162	0.71275	
1	2.68387	0.583988	1.55307	
1	2.45105	0.662394	3.66638	
1	-1.38161	1.16541	2.52197	
1	1.04529	1.48084	1.02504	
1	1.58849	1.49163	-0.109321	
1	1.51283	1.50608	5.17852	
1	2.6659	2.56191	1.36168	
1	1.2713	1.18347	3.44307	
1	2.28713	1.52084	0.0222986	
1	-4.6131	3.19807	0.1708	
1	1.04697	1.55928	1.82189	
1	1.41999	2.47281	3.52411	
1	1.78823	2.07699	3.18622	
1	-0.319731	1.52329	2.52748	
1	1.85458	2.15761	0.973994	
1	0.473938	1.49337	1.37462	
2	1.43343	0.613237	3.34765	
2	1.98494	1.05727	1.83002	
2	0.572489	1.84298	4.54235	
2	1.25045	1.54405	2.34433	
2	2.75096	1.57094	4.50492	
2	1.22558	1.01423	4.94849	
2	0.692953	2.06271	3.48564	
2	0.747758	1.06344	5.84167	
2	2.53857	1.16914	-0.579372	
2	1.20497	2.1198	2.81211	
2	1.83251	1.06196	5.28833	
2	1.2239	2.11084	1.99727	
2	1.13363	1.02092	4.11483	
2	1.63512	0.594525	4.61445	
2	1.22385	2.05522	4.07926	
2	1.10323	1.5051	4.5681	
2	0.775529	0.682733	2.44244	
2	-0.641442	2.46247	1.06411	
2	2.48663	1.24709	3.49292	
2	1.15456	1.63698	0.363889	
2	3.06973	1.06723	2.62906	
2	1.03622	1.5554	-0.380206	
2	1.69021	0.598436	6.69792	
2	0.722712	1.26253	2.34812	
2	1.34905	0.993919	2.0405	
2	0.535672	1.12154	4.5334	
2	0.840622	1.43615	5.20663	
2	0.10412	0.0128106	6.01054	
2	2.16738	1.59768	0.784867	
2	1.40842	1.93214	1.36457	
2	1.17432	-0.699189	-0.690589	
2	1.40738	0.602251	1.44688	
2	0.708731	1.34721	0.444386	
2	1.55935	1.49684	4.08676	
2	0.89839	1.06018	1.45149	
2	2.42449	1.10495	2.46929	
2	1.57256	1.59572	0.939141	
2	1.31403	1.81418	3.48049	
2	1.27229	2.5365	1.25225	
2	1.95594	1.67899	1.33241	
2	2.46766	1.9449	5.50818	
2	2.48768	1.9577	1.3364	
2	0.535359	0.59178	4.71964	
2	1.23576	1.05623	6.41111	
2	0.652775	0.997112	3.38694	
2	1.63896	1.58484	1.94208	
2	2.46134	0.615423	5.53716	
2	1.48169	1.26509	1.42303	
2	1.33313	1.93363	5.60992	
2	1.7813	1.2966	2.46623	
2	1.71476	1.3098	4.64056	
2	1.2775	1.10902	2.75366	
2	0.432051	2.51203	-0.0774455	
2	1.68466	2.55945	2.48025	
2	2.45264	1.02638	6.72861	
2	1.76247	1.26711	0.45882	
2	1.95974	2.13344	1.82481	
2	0.0188629	2.04202	-1.54468	
2	2.52035	1.31087	1.44002	
2	2.26693	1.99168	4.60558	
#ITERATION
81000
#type theta	psi	phi
1	0.852826	2.11317	5.71861	
1	0.852674	1.61414	3.11343	
1	0.585578	3.7568	6.8464	
1	3.49274	1.62564	5.56541	
1	0.705861	2.19178	1.31435	
1	-0.571361	0.652882	3.69158	
1	2.14306	1.55424	4.90911	
1	2.33122	0.961599	4.44456	
1	0.611003	1.9393	2.45633	
1	0.121448	1.06137	7.06741	
1	1.98767	0.965385	5.99371	
