1	1.26871	2.50546	3.63376	
1	1.90634	2.10285	3.33742	
1	-0.456465	1.45423	2.36248	
1	1.89947	2.13901	1.0544	
1	0.356772	1.55651	1.16273	
2	1.48737	0.602064	3.49819	
2	1.90182	1.11111	1.79108	
2	0.683393	1.75273	4.67594	
2	1.15874	1.56106	2.35835	
2	2.75364	1.61676	4.648	
2	1.25266	0.989663	5.02022	
2	0.750556	2.01761	3.47991	
2	0.732081	0.974454	5.58522	
2	2.52694	1.27525	-0.67437	
2	1.17265	2.18365	2.78631	
2	2.01216	1.04391	5.30633	
2	1.15738	2.21267	2.00484	
2	1.33059	1.04844	4.17798	
2	1.89943	0.614919	4.50924	
2	1.12866	2.05809	4.28189	
2	1.18361	1.45929	4.64228	
2	0.719563	0.554121	2.41317	
2	-0.703045	2.39674	1.54344	
2	2.53332	1.27226	3.56727	
2	1.24008	1.5263	0.335762	
2	3.14573	1.07872	2.91354	
2	1.04073	1.5171	-0.250339	
2	1.8325	0.642754	6.79378	
2	0.68248	1.19783	2.32971	
2	1.24836	1.06585	2.01585	
2	0.719777	1.11349	4.54636	
2	1.07334	1.54744	5.26304	
2	0.199054	-0.0839581	6.29816	
2	2.20319	1.65147	0.789598	
2	1.40854	1.83685	1.39107	
2	1.42424	-0.728668	-0.823883	
2	1.38599	0.601764	1.43382	
2	0.675374	1.1994	0.267744	
2	1.56789	1.61912	4.06408	
2	0.787109	1.05838	1.30916	
2	2.39283	1.11204	2.38371	
2	1.57303	1.62843	0.896795	
2	1.37598	1.94898	3.53548	
2	1.30237	2.46503	1.36504	
2	1.99986	1.55743	1.45535	
2	2.52865	1.90687	5.74743	
2	2.44282	1.92785	1.55856	
2	0.774626	0.560397	4.36895	
2	1.43734	0.983549	6.22741	
2	0.702684	0.98479	3.31156	
2	1.61678	1.62017	1.87218	
2	2.58382	0.641946	5.50152	
2	1.52289	1.23237	1.28904	
2	1.43324	1.7665	5.59565	
2	1.72385	1.30906	2.4269	
2	1.80625	1.22477	4.56188	
2	1.26782	0.989812	2.82548	
2	0.614656	2.50977	0.336316	
2	1.72261	2.56149	2.55854	
2	2.47686	1.10738	6.66055	
2	1.87221	1.27009	0.434348	
2	1.89027	2.11155	1.89896	
2	0.114428	2.04212	-0.919044	
2	2.56216	1.36055	1.46768	
2	2.36891	2.09781	4.71508	
#ITERATION
80000
#type theta	psi	phi
1	0.742211	1.97749	5.62961	
1	0.988791	1.60893	2.99215	
1	0.632339	3.8077	7.03549	
1	3.53161	1.66262	5.78959	
1	0.716461	2.05879	1.41423	
1	-0.65157	0.647629	3.53385	
1	2.29054	1.46257	5.04486	
1	2.43477	1.08719	4.43776	
1	0.668404	1.87314	2.34313	
1	0.107971	0.964111	7.29851	
1	1.91137	1.02752	6.16339	
1	1.08754	2.15518	4.95564	
1	0.351699	1.5931	3.31023	
1	1.97682	1.10395	1.08201	
1	-1.34014	0.630092	2.63534	
1	1.82811	2.06163	5.20121	
1	3.05819	2.05814	4.98235	
1	0.8834	1.48887	3.87196	
1	1.94606	1.54341	3.49288	
1	2.45985	2.04615	0.302822	
1	1.99967	1.52099	5.64756	
1	2.1137	1.52928	4.22537	
1	0.660628	1.97549	0.312173	
1	1.70631	1.93332	2.53358	
1	1.37247	1.01025	0.865187	
1	2.4219	2.49933	5.53227	
1	1.84676	2.54225	0.328286	
1	2.41624	1.953	3.34851	
1	2.20402	1.69112	2.03525	
1	1.9407	1.1003	3.09028	
1	1.89792	1.014	3.83485	
1	1.91159	2.04791	-0.366991	
1	1.57215	1.90155	4.61222	
