1	1.30269	2.01527	0.0212893	
1	1.1932	2.12474	0.877735	
1	2.36977	0.661569	1.87122	
1	2.39717	0.5999	3.68476	
1	-1.42152	1.23917	2.54942	
1	1.01324	1.55543	1.1882	
1	1.65045	1.60987	0.0102492	
1	1.64436	1.47706	5.18818	
1	2.57926	2.57881	1.55214	
1	1.20577	1.2718	3.5664	
1	2.25974	1.54302	0.161005	
1	-4.93377	3.12152	-0.842593	
1	1.08063	1.56847	1.95581	
1	1.42964	2.54456	3.82819	
1	1.76694	2.16117	3.24345	
1	-0.485524	1.569	2.73646	
1	1.94116	2.21797	1.23909	
1	0.399877	1.6446	1.2105	
2	1.08191	0.675366	3.55803	
2	1.89197	1.12035	2.01158	
2	0.521828	1.92328	4.77888	
2	1.19105	1.64846	2.52106	
2	2.67867	1.56069	4.29902	
2	1.19062	1.10536	5.13746	
2	0.61383	2.13034	3.64985	
2	0.814583	1.03636	5.75876	
2	2.5984	1.25007	-0.652713	
2	1.08199	2.14159	2.86864	
2	1.98968	1.01429	5.28115	
2	1.3475	2.11353	2.18477	
2	1.02913	1.07334	4.38127	
2	1.57681	0.637259	4.52016	
2	1.23549	2.11887	4.34662	
2	1.18419	1.61321	4.73023	
2	0.62447	0.702702	2.28634	
2	-0.760111	2.55662	1.72296	
2	2.33371	1.21023	3.57647	
2	1.35449	1.63656	0.571268	
2	2.98008	1.02084	3.46857	
2	1.07517	1.49967	-0.191245	
2	1.75509	0.60798	6.96291	
2	0.664598	1.33703	2.42221	
2	1.2081	1.03299	2.17016	
2	0.632437	1.23316	4.90773	
2	0.985633	1.60632	5.46815	
2	0.0124384	-0.00802143	5.97917	
2	2.2561	1.59483	0.96404	
2	1.35452	1.98242	1.51834	
2	1.4379	-0.539507	-0.511323	
2	1.43222	0.680045	1.65645	
2	0.757022	1.27026	0.358809	
2	1.43781	1.54629	4.16351	
2	0.819966	1.11753	1.58712	
2	2.33821	1.10923	2.72133	
2	1.67747	1.46202	1.01865	
2	1.24324	1.89561	3.59109	
2	1.35191	2.62082	1.46429	
2	1.97929	1.69998	1.63527	
2	2.5127	1.87524	5.61589	
2	2.51944	1.91151	1.48665	
2	0.448863	0.644124	4.68846	
2	1.37442	1.06785	6.38129	
2	0.512095	1.06349	3.73364	
2	1.62773	1.6233	2.08689	
2	2.59241	0.562024	6.07753	
2	1.50035	1.33301	1.54727	
2	1.40705	1.82866	5.74561	
2	1.70661	1.27754	2.57685	
2	1.72636	1.28834	4.66806	
2	1.10102	1.07989	2.86524	
2	0.833049	2.45738	0.343711	
2	1.66229	2.59322	2.70843	
2	2.55929	1.05038	6.92748	
2	1.88111	1.20724	0.495501	
2	1.98478	2.17652	2.04065	
2	0.114643	2.2149	-0.194638	
2	2.51082	1.30977	1.7042	
2	2.43271	2.17953	4.59826	
#ITERATION
76000
#type theta	psi	phi
1	0.746166	2.18762	5.59155	
1	0.734869	1.52592	3.24979	
1	0.729568	3.8706	6.84616	
1	3.56666	1.6666	5.88132	
1	0.733576	2.21538	1.38368	
1	-0.711111	0.661222	3.44979	
1	2.16709	1.45647	4.84639	
1	2.36278	1.01797	4.55173	
1	0.615753	1.91012	2.23412	
1	0.149378	1.06236	7.15983	
1	1.98595	1.1026	6.0678	
1	1.27653	2.09557	5.09569	
1	0.193081	1.51976	3.85283	
1	2.01914	1.14258	1.21543	
1	-1.39937	0.59629	2.54091	
1	1.92335	2.11622	5.25873	
1	3.01255	2.06601	4.27374	
1	0.812614	1.54006	4.06215	
1	1.78899	1.53395	3.5604	
1	2.32799	2.08463	0.403209	
