2	2.73694	1.58041	4.35782	
2	1.17897	1.08942	5.1232	
2	0.54189	2.11838	3.80869	
2	0.883344	1.08114	5.7531	
2	2.51354	1.168	-0.524938	
2	1.12648	2.10909	2.98896	
2	1.88246	1.09856	5.3344	
2	1.23996	2.16782	2.16454	
2	1.15338	1.1371	4.38509	
2	1.82354	0.674396	4.74062	
2	1.19465	2.15818	4.32334	
2	1.12393	1.62442	4.73792	
2	0.680221	0.667344	2.29497	
2	-0.591973	2.54401	1.82578	
2	2.36544	1.27202	3.71092	
2	1.21197	1.65488	0.542449	
2	3.07331	1.03391	3.73383	
2	1.08144	1.50154	-0.173939	
2	1.63191	0.586911	6.90599	
2	0.622654	1.2898	2.58571	
2	1.19018	1.10223	2.20562	
2	0.633479	1.15605	4.49306	
2	0.976552	1.57246	5.3985	
2	-0.161349	-0.100846	5.8551	
2	2.20781	1.50188	0.969955	
2	1.57396	1.95238	1.57032	
2	1.48239	-0.65646	-0.605337	
2	1.30354	0.663402	1.52382	
2	0.611814	1.35982	0.399545	
2	1.48399	1.60715	4.21294	
2	0.663241	1.08617	1.45903	
2	2.45584	1.1228	2.7338	
2	1.62333	1.54614	1.0445	
2	1.23408	1.89624	3.6263	
2	1.46983	2.54529	1.4502	
2	1.94628	1.53924	1.57945	
2	2.44437	1.77784	5.72077	
2	2.51328	1.93309	1.56858	
2	0.652125	0.531863	4.80455	
2	1.34934	1.00376	6.34581	
2	0.720069	0.995386	3.57588	
2	1.60007	1.63675	2.09049	
2	2.43745	0.621331	5.79993	
2	1.41259	1.27119	1.59914	
2	1.46088	1.90781	5.73123	
2	1.66783	1.33803	2.63267	
2	1.70874	1.32922	4.77431	
2	1.21178	1.06893	2.97316	
2	0.821159	2.52511	0.439004	
2	1.86343	2.60163	2.67068	
2	2.32542	1.03464	6.8492	
2	1.66569	1.23267	0.486548	
2	2.02644	2.23011	1.93083	
2	0.183727	2.09371	-0.332631	
2	2.58063	1.26748	1.5086	
2	2.39562	2.03387	4.74221	
#ITERATION
75000
#type theta	psi	phi
1	0.783187	2.07076	5.7884	
1	0.847687	1.63913	3.17669	
1	0.648673	3.77692	6.76107	
1	3.52649	1.57623	5.99483	
1	0.764461	2.04848	1.47789	
1	-0.870711	0.645411	3.51925	
1	2.23575	1.46969	5.0046	
1	2.27625	0.982797	4.41293	
1	0.626646	1.86998	2.369	
1	0.215135	1.07447	7.03372	
1	1.91401	0.990492	6.0833	
1	1.20093	2.10165	5.10388	
1	0.274719	1.59292	3.9484	
1	2.01251	0.981242	1.17701	
1	-1.4179	0.595937	2.37444	
1	1.98618	1.92295	5.34712	
1	3.13003	2.12114	4.63042	
1	0.859497	1.58549	4.0977	
1	1.77147	1.50462	3.65155	
1	2.44107	2.12715	0.504899	
1	1.992	1.51479	5.73863	
1	2.09206	1.51715	4.17193	
1	0.804451	1.82883	0.392977	
1	1.78391	1.90152	2.68675	
1	1.17263	1.10474	0.850085	
1	2.4135	2.46428	5.57487	
1	1.70515	2.4889	0.342654	
1	2.42126	1.88517	3.63363	
1	2.22879	1.56306	2.30834	
1	1.79398	1.08295	3.19881	
1	1.73595	0.922816	3.91917	
1	1.96443	2.09499	-0.271069	
1	1.8396	1.88218	4.66219	
1	0.669124	2.50689	2.47993	
1	1.82709	1.95379	0.665239	
1	1.48209	1.63149	3.10339	
1	1.81022	2.49634	4.77207	
1	2.41005	2.09532	2.63804	
1	2.08725	1.62861	3.05269	
1	1.79712	2.04435	3.99921	
1	1.47852	2.40883	-0.593364	
1	3.37979	1.60804	3.44082	
