1	1.17083	1.9911	4.90958	
1	0.273707	1.58024	3.5663	
1	1.82619	0.989739	1.07643	
1	-1.3109	0.540339	2.69753	
1	1.7823	2.0548	5.23842	
1	3.2725	2.08267	5.36351	
1	0.883077	1.56285	3.97648	
1	1.96098	1.55761	3.35436	
1	2.5506	2.05904	0.254893	
1	1.88237	1.41884	5.53768	
1	2.0886	1.50392	4.0365	
1	0.799455	1.88792	0.377503	
1	1.78011	1.98154	2.47968	
1	1.24557	1.06888	0.785098	
1	2.41819	2.43673	5.59942	
1	1.88194	2.57559	0.175665	
1	2.49281	1.91828	3.47442	
1	2.13946	1.60867	2.09698	
1	1.87259	1.10365	3.04266	
1	1.88018	1.01594	3.81888	
1	1.96486	1.99249	-0.207465	
1	1.66489	1.83134	4.57564	
1	0.682119	2.60064	2.39656	
1	1.89499	1.85848	0.391437	
1	1.51616	1.59204	2.99389	
1	1.75191	2.38814	4.43591	
1	2.37774	2.12703	2.57751	
1	2.24095	1.56061	2.77668	
1	1.83935	2.0179	3.89973	
1	1.39439	2.49527	-0.878746	
1	3.41297	1.52411	3.40005	
1	1.35995	2.13964	-0.0361007	
1	1.31974	2.1147	0.694121	
1	2.58972	0.674293	1.60343	
1	2.371	0.603152	3.34051	
1	-1.27087	1.17082	2.5319	
1	1.05281	1.54044	1.03553	
1	1.58298	1.48683	-0.11898	
1	1.53202	1.55298	5.11362	
1	2.42112	2.51126	1.4414	
1	1.31791	1.35668	3.54084	
1	2.23208	1.45247	-0.123179	
1	-4.67857	3.15356	-0.719385	
1	0.883523	1.59823	1.69155	
1	1.52291	2.51611	3.60991	
1	1.95315	2.15313	3.16283	
1	-0.455337	1.65744	2.84743	
1	1.98147	2.17401	0.943944	
1	0.331953	1.67886	1.23375	
2	1.29986	0.628473	3.55849	
2	1.84759	1.09685	1.87545	
2	0.583303	1.88993	4.66358	
2	1.09072	1.65795	2.45004	
2	2.69812	1.48117	4.34222	
2	1.14392	1.01743	5.04717	
2	0.656549	2.12677	3.57228	
2	0.668949	1.00088	5.70216	
2	2.55474	1.16821	-0.84944	
2	1.26293	2.16015	2.9181	
2	1.90416	0.925887	5.26051	
2	1.18769	2.10579	2.08511	
2	1.26122	1.07089	4.06138	
2	1.61772	0.589715	4.64613	
2	1.21435	2.03092	4.19994	
2	1.17389	1.43883	4.63274	
2	0.737471	0.700453	2.50293	
2	-0.727337	2.52462	1.32496	
2	2.4405	1.26275	3.41446	
2	1.34241	1.55678	0.383709	
2	3.00693	1.06404	2.8267	
2	1.02117	1.60623	-0.252773	
2	1.85144	0.573406	6.78499	
2	0.567677	1.27638	2.44543	
2	1.15702	1.14188	2.05544	
2	0.580404	1.2675	4.57192	
2	0.818986	1.54236	5.259	
2	-0.248178	0.0224075	6.13714	
2	2.23367	1.517	0.722807	
2	1.44046	1.9069	1.43088	
2	1.43593	-0.697411	-0.594038	
2	1.29703	0.657943	1.49403	
2	0.80321	1.28335	0.358145	
2	1.48148	1.5507	4.10342	
2	0.709562	1.15187	1.37593	
2	2.40844	1.06625	2.41653	
2	1.6822	1.56588	0.963396	
2	1.35928	1.91933	3.54924	
2	1.44921	2.49885	1.52789	
2	2.00414	1.62473	1.46075	
2	2.4333	1.78013	5.46753	
2	2.47781	1.89458	1.32287	
2	0.61556	0.621231	4.48854	
2	1.24803	1.00044	6.35583	
2	0.707093	1.01973	3.4974	
2	1.45942	1.58934	2.01466	
2	2.59099	0.57164	5.29391	
2	1.50919	1.35791	1.49423	
2	1.4124	1.87205	5.67438	
2	1.684	1.25985	2.46733	
2	1.70152	1.11549	4.58124	
2	1.16247	1.07699	2.96475	
