2	1.24891	1.11929	6.34497	
2	0.819048	0.995151	3.6797	
2	1.67057	1.5328	2.03136	
2	2.3655	0.635323	5.66209	
2	1.42662	1.31284	1.56224	
2	1.41517	1.90584	5.68536	
2	1.80708	1.2124	2.6076	
2	1.84891	1.14437	4.7289	
2	1.35785	0.991716	3.04458	
2	0.629098	2.55485	0.580494	
2	1.75647	2.56677	2.70405	
2	2.38785	1.04926	6.7032	
2	1.65471	1.3626	0.496755	
2	1.94604	2.01583	1.9299	
2	-0.0447743	2.05453	-0.11069	
2	2.51438	1.19793	1.43286	
2	2.41948	2.10429	4.61673	
#ITERATION
87000
#type theta	psi	phi
1	0.717602	2.04723	5.57904	
1	1.09575	1.57721	3.21509	
1	0.630143	3.70702	6.7158	
1	3.36272	1.63137	5.76376	
1	0.661534	2.0576	1.63953	
1	-0.684787	0.606715	3.57016	
1	2.21494	1.5928	5.06572	
1	2.36373	1.08317	4.62381	
1	0.59093	1.83459	2.72736	
1	-0.0480906	0.937125	5.93039	
1	1.88075	1.03603	6.03039	
1	1.2074	2.09181	4.95588	
1	0.440883	1.48001	3.59768	
1	1.84553	0.962883	1.00977	
1	-1.37126	0.614729	2.46357	
1	1.92869	2.17308	5.19027	
1	3.01577	2.08769	5.80445	
1	1.0125	1.47097	3.91334	
1	2.02292	1.58982	3.44615	
1	2.29566	2.02177	0.564184	
1	1.93073	1.59646	5.73788	
1	2.16539	1.6655	4.20057	
1	0.534316	1.87829	0.472893	
1	1.68649	1.917	2.41945	
1	1.17602	1.04691	0.91124	
1	2.47091	2.51462	5.66613	
1	1.72975	2.55654	0.666939	
1	2.52	1.98923	3.47272	
1	2.21353	1.55101	2.02545	
1	2.02815	1.10498	3.15791	
1	2.02055	1.06467	3.98529	
1	1.90136	2.17239	-0.0204543	
1	1.71245	1.88598	4.65645	
1	0.582955	2.42768	2.71009	
1	1.57082	1.90073	0.409865	
1	1.62134	1.62722	3.06048	
1	1.82623	2.56561	4.59661	
1	2.46102	2.06184	2.2613	
1	2.21278	1.65397	2.76065	
1	1.87776	2.11264	3.95155	
1	1.40037	2.54319	-0.528359	
1	3.5192	1.59717	3.34597	
1	1.13069	2.13892	0.00454838	
1	1.20259	2.16874	0.905205	
1	2.53196	0.657863	1.44655	
1	2.57722	0.665025	3.55692	
1	-1.39343	1.23499	2.52837	
1	0.888237	1.68485	1.08207	
1	1.43229	1.64583	-0.0804104	
1	1.64394	1.54909	5.16469	
1	2.59237	2.38198	1.40781	
1	1.48183	1.17831	3.52236	
1	2.15405	1.50593	0.0385619	
1	-2.92226	3.13114	0.345184	
1	0.846991	1.5512	1.78966	
1	1.38893	2.53914	3.53558	
1	1.91329	2.21513	3.06762	
1	-0.341041	1.55261	2.10931	
1	1.81844	2.12622	1.13603	
1	0.272977	1.52125	1.78929	
2	1.4679	0.622445	3.58624	
2	1.83114	1.05583	1.86067	
2	0.774639	1.84256	4.59292	
2	1.19568	1.53378	2.58567	
2	2.71025	1.58067	4.58706	
2	1.3986	1.02384	4.94311	
2	0.812279	1.99014	3.58889	
2	0.769139	1.01598	5.64781	
2	2.42436	1.30824	-0.514795	
2	1.26611	2.15167	2.79735	
2	1.96524	1.08613	5.2988	
2	1.14015	1.92976	2.09735	
2	1.42421	0.988462	4.18434	
2	1.93294	0.570278	4.62037	
2	1.19879	2.13648	4.12957	
2	1.22496	1.47785	4.59331	
2	0.737891	0.554022	2.55594	
2	-0.628377	2.44744	1.58733	
2	2.57381	1.24084	3.54827	
2	1.08561	1.52718	0.449067	
2	3.23446	1.07483	2.95737	
