1	0.619617	3.71118	6.74831	
1	3.43864	1.5779	5.43759	
1	0.796566	2.10614	1.55737	
1	-0.754521	0.644419	3.69166	
1	2.29759	1.56223	5.0204	
1	2.44751	1.01128	4.82692	
1	0.797618	1.93435	2.52376	
1	0.0199465	1.10343	5.87204	
1	1.88629	1.15766	6.17668	
1	1.17075	2.1455	5.06391	
1	0.435017	1.51973	3.44994	
1	1.83029	1.15003	1.11195	
1	-1.42704	0.617502	2.7054	
1	2.00852	2.04591	5.21222	
1	3.07156	2.11001	5.81334	
1	0.938994	1.56146	4.01358	
1	1.8653	1.63241	3.59344	
1	2.35391	2.17613	0.411119	
1	1.86998	1.56022	5.73579	
1	2.15061	1.4548	4.23403	
1	0.619872	1.81337	0.486872	
1	1.82267	1.83357	2.6346	
1	1.21513	1.10413	0.911593	
1	2.44487	2.54609	5.51793	
1	1.64493	2.5574	0.335308	
1	2.4317	1.85156	3.77982	
1	2.27503	1.57895	2.17143	
1	2.08299	1.099	3.22479	
1	2.02795	0.999368	3.93351	
1	1.86529	2.14387	-0.229465	
1	1.83352	1.84571	4.61834	
1	0.629783	2.43997	2.36217	
1	1.64072	1.92579	0.451781	
1	1.57829	1.54682	3.11758	
1	1.64722	2.56042	4.66331	
1	2.4505	2.18561	2.50808	
1	2.33322	1.64028	2.96676	
1	1.79394	2.09896	3.98853	
1	1.24893	2.53859	-0.577294	
1	3.48633	1.56165	3.25829	
1	1.15522	2.11739	-0.0159314	
1	1.14474	2.11929	0.886207	
1	2.48464	0.632541	1.39207	
1	2.63491	0.593156	3.8733	
1	-1.31871	1.2506	2.55681	
1	0.991148	1.54998	1.24789	
1	1.47222	1.61055	-0.0886572	
1	1.70218	1.58554	5.15254	
1	2.45546	2.50602	1.48524	
1	1.40477	1.33118	3.6169	
1	2.20724	1.63841	0.0812953	
1	-3.34183	3.16533	0.323973	
1	1.02958	1.61523	1.92731	
1	1.25392	2.50159	3.60753	
1	2.01266	2.14769	3.34434	
1	-0.352262	1.60742	2.2762	
1	1.83456	2.16492	1.06244	
1	0.410042	1.63878	1.81311	
2	1.44949	0.606537	3.59509	
2	1.89377	1.03416	1.82367	
2	0.652443	1.92968	4.63238	
2	1.25266	1.49424	2.51298	
2	2.76315	1.54639	4.61286	
2	1.1902	1.05833	5.11942	
2	0.708784	2.00448	3.44666	
2	0.706813	1.07433	5.75653	
2	2.40966	1.29537	-0.618004	
2	1.35193	2.10764	3.00473	
2	1.86759	1.04172	5.42842	
2	1.40522	2.07238	2.33135	
2	1.30651	0.998042	4.24036	
2	1.6997	0.579063	4.58691	
2	1.19679	2.05578	4.29395	
2	1.22503	1.50474	4.66483	
2	0.756597	0.616895	2.55106	
2	-0.564403	2.48102	1.46071	
2	2.57896	1.26094	3.55711	
2	1.11945	1.59356	0.490977	
2	3.2503	1.0553	3.1576	
2	0.918676	1.57591	-0.199924	
2	1.6874	0.670521	6.82529	
2	0.690192	1.20659	2.37331	
2	1.2848	1.08883	2.1056	
2	0.643331	1.25532	4.75937	
2	0.996119	1.60415	5.26929	
2	-0.0556821	0.0926462	4.20499	
2	2.09776	1.67546	0.823693	
2	1.50155	1.89713	1.45251	
2	1.20638	-0.650684	-0.608231	
2	1.36555	0.645397	1.58503	
2	0.644293	1.27477	0.604826	
2	1.53884	1.5881	4.18774	
2	0.721762	0.983036	1.39741	
2	2.51599	1.0201	2.56161	
2	1.54761	1.60713	0.942497	
2	1.34273	1.92438	3.57695	
2	1.38108	2.51715	1.63107	
2	1.95291	1.59384	1.48797	
2	2.45936	1.88007	5.6899	
2	2.50463	1.86049	1.27435	
2	0.540017	0.691638	4.92748	
