2	0.759987	2.55489	0.278557	
2	1.76737	2.5394	2.47337	
2	2.50465	1.00641	6.68362	
2	1.76984	1.23439	0.416264	
2	1.87606	2.12424	1.86412	
2	-0.0339371	2.20082	-1.04082	
2	2.43085	1.24341	1.44722	
2	2.394	2.02964	4.48614	
#ITERATION
82000
#type theta	psi	phi
1	0.789654	2.16481	5.68115	
1	0.931116	1.64978	3.22426	
1	0.613224	3.79447	6.82724	
1	3.5132	1.42765	5.64368	
1	0.859652	2.16293	1.37498	
1	-0.708493	0.641085	3.62102	
1	2.21794	1.49055	4.9505	
1	2.46454	1.01392	4.54713	
1	0.642316	1.99318	2.49202	
1	0.103137	1.05682	6.73315	
1	1.83272	1.06551	5.94471	
1	1.24364	2.02987	4.89634	
1	0.336752	1.65021	3.5375	
1	1.89399	1.03648	1.09091	
1	-1.30035	0.604518	2.53908	
1	1.93934	1.9724	5.21606	
1	3.12522	2.04307	5.80518	
1	1.03077	1.59209	3.9322	
1	1.90315	1.60536	3.44348	
1	2.51409	2.08997	0.495686	
1	1.95954	1.45971	5.47813	
1	2.20577	1.50757	4.1239	
1	0.670437	2.01551	0.345555	
1	1.76551	1.93028	2.58394	
1	1.25236	1.07431	0.735683	
1	2.5341	2.42025	5.6675	
1	1.93395	2.4383	0.400757	
1	2.55284	1.78819	3.56103	
1	2.1279	1.52329	2.05166	
1	1.87886	1.10651	3.19929	
1	1.86911	0.984319	3.92451	
1	1.93437	1.91857	-0.312213	
1	1.83033	1.82753	4.60181	
1	0.763918	2.6011	2.33517	
1	1.72607	1.86384	0.366287	
1	1.50465	1.55735	3.05206	
1	1.87107	2.44887	4.5873	
1	2.49741	2.09144	2.60976	
1	2.20649	1.57667	2.83465	
1	1.97144	2.07335	3.9738	
1	1.54458	2.54149	-0.835614	
1	3.46395	1.52312	3.4101	
1	1.35042	2.17466	-0.0518759	
1	1.24673	2.1939	0.726415	
1	2.32075	0.596058	1.47367	
1	2.46609	0.626268	3.30502	
1	-1.3276	1.27584	2.44248	
1	0.968822	1.56558	0.997576	
1	1.55297	1.58843	-0.248377	
1	1.53632	1.48117	5.02889	
1	2.54174	2.4722	1.36858	
1	1.35656	1.19684	3.47753	
1	2.12055	1.49998	0.0105226	
1	-4.21223	3.13488	-0.371877	
1	0.972193	1.65972	1.79737	
1	1.34695	2.52166	3.51295	
1	1.94964	2.19254	3.14891	
1	-0.372688	1.65789	2.6803	
1	1.88847	1.98186	0.924253	
1	0.385652	1.67617	1.37932	
2	1.19709	0.666994	3.45549	
2	1.8441	1.00091	1.82537	
2	0.661107	1.93273	4.50826	
2	1.26518	1.60821	2.4767	
2	2.79616	1.49718	4.66499	
2	1.06703	0.996387	4.86647	
2	0.744665	2.15364	3.6004	
2	0.786962	1.03547	5.68257	
2	2.42771	1.16728	-0.634292	
2	1.18414	2.13055	2.84808	
2	1.82062	0.965254	5.2462	
2	1.2722	2.10154	2.092	
2	1.16452	1.0723	4.12925	
2	1.56628	0.560724	4.59265	
2	1.29283	2.01351	4.2236	
2	1.33875	1.50044	4.50597	
2	0.640272	0.74434	2.31569	
2	-0.794207	2.4645	1.5771	
2	2.5159	1.21441	3.45708	
2	1.17308	1.72653	0.219095	
2	3.11303	0.973076	3.05409	
2	0.931475	1.60551	-0.381508	
2	1.74501	0.63712	6.57068	
2	0.613667	1.36392	2.452	
2	1.16961	1.15511	2.07448	
2	0.485788	1.29959	4.54319	
2	0.897643	1.5882	5.11826	
2	-0.152638	0.0586815	5.97427	
2	2.24334	1.57706	0.639526	
2	1.43882	1.91404	1.38547	
