2	0.854572	1.46007	-0.287756	
2	1.73448	0.605837	6.70367	
2	0.687276	1.3028	2.5353	
2	1.17953	1.07236	2.1688	
2	0.715546	1.18751	4.5633	
2	0.938367	1.51755	5.1861	
2	-0.108893	-0.0980063	4.09866	
2	2.08511	1.5446	0.809765	
2	1.28622	1.86302	1.49426	
2	1.3155	-0.663535	-0.610899	
2	1.37817	0.656495	1.51968	
2	0.506164	1.23759	0.399095	
2	1.6254	1.56205	4.01337	
2	0.703153	0.984322	1.60031	
2	2.39036	1.02042	2.31833	
2	1.46822	1.60494	0.91777	
2	1.46477	1.9072	3.59303	
2	1.26519	2.54449	1.57983	
2	1.89756	1.56672	1.48173	
2	2.39814	1.93672	5.87926	
2	2.42816	1.79683	1.36822	
2	0.704077	0.622361	4.79297	
2	1.19387	0.992989	6.32746	
2	0.776892	0.990786	3.44269	
2	1.66506	1.57152	1.98543	
2	2.47402	0.631353	5.7313	
2	1.3352	1.28999	1.46401	
2	1.39103	1.94198	5.67953	
2	1.78345	1.23771	2.53629	
2	1.83354	1.27329	4.55713	
2	1.32224	1.00348	2.9103	
2	0.656662	2.49176	0.494441	
2	1.85576	2.60652	2.40283	
2	2.34509	1.08752	6.77485	
2	1.68931	1.30329	0.377908	
2	1.87792	2.05101	1.82356	
2	-0.0262049	2.09851	-0.193689	
2	2.57671	1.26038	1.36423	
2	2.48189	2.0904	4.5871	
#ITERATION
88000
#type theta	psi	phi
1	0.558852	2.08867	5.68832	
1	1.00811	1.62532	3.10932	
1	0.530934	3.68626	6.76021	
1	3.51159	1.62519	5.53865	
1	0.647438	2.04529	1.66143	
1	-0.57409	0.564403	3.43351	
1	2.16013	1.59242	4.99009	
1	2.42463	1.04368	4.70486	
1	0.744719	1.88556	2.60547	
1	-0.0480718	1.09869	6.00417	
1	1.878	1.04726	5.98914	
1	1.20117	2.13766	5.05097	
1	0.373686	1.62479	3.6218	
1	1.89079	1.0726	1.11224	
1	-1.47757	0.622632	2.57177	
1	1.93024	2.075	5.45399	
1	3.13884	2.10879	5.78008	
1	0.98246	1.63566	3.95793	
1	1.94676	1.58175	3.64438	
1	2.32957	2.04223	0.474245	
1	1.88895	1.58273	5.71077	
1	2.23841	1.54588	4.28277	
1	0.529503	1.91359	0.626545	
1	1.80525	1.88816	2.53347	
1	1.22424	1.00398	0.809971	
1	2.55929	2.41749	5.76722	
1	1.58443	2.60073	0.414113	
1	2.53965	1.93312	3.36382	
1	2.21574	1.61599	2.04607	
1	1.95681	1.06355	3.04743	
1	1.87848	1.07549	3.99139	
1	2.03595	2.0621	-0.176938	
1	1.82381	1.96629	4.67687	
1	0.670919	2.56744	2.51599	
1	1.67422	1.93262	0.363417	
1	1.56276	1.62555	3.07576	
1	1.85251	2.50644	4.59157	
1	2.49189	2.17386	2.32952	
1	2.2381	1.51537	2.85516	
1	1.89763	2.00598	4.03664	
1	1.426	2.53988	-0.644239	
1	3.59286	1.50507	3.47039	
1	1.17952	2.15055	-0.0877344	
1	1.16192	2.13269	0.728941	
1	2.43289	0.610388	1.42106	
1	2.69373	0.659336	3.59503	
1	-1.33391	1.20782	2.57564	
1	0.943874	1.5588	1.05663	
1	1.495	1.61248	-0.166693	
1	1.53521	1.65286	5.0859	
1	2.50859	2.47642	1.22121	
1	1.4408	1.26017	3.60243	
1	2.08223	1.54463	0.0589106	
1	-2.70804	3.20349	-0.260674	
1	0.97438	1.5517	1.86002	
1	1.40477	2.52719	3.53174	
1	1.95889	2.11376	3.10108	
1	-0.327272	1.59965	2.32201	
1	1.79193	2.08823	0.965306	
