1	1.2888	1.07527	0.85062	
1	2.57007	2.43006	5.56332	
1	1.57428	2.53013	0.417974	
1	2.54909	1.77764	3.69236	
1	2.26459	1.51124	2.10732	
1	1.90709	1.03153	3.21668	
1	1.97325	0.981782	3.98315	
1	1.902	2.14375	-0.260602	
1	1.72157	1.84874	4.67316	
1	0.833444	2.44411	2.46272	
1	1.59272	1.89593	0.410323	
1	1.6073	1.55924	3.09033	
1	1.73679	2.54266	4.53437	
1	2.43489	2.13677	2.79096	
1	2.26461	1.61863	2.95932	
1	1.84928	2.03184	4.00173	
1	1.27254	2.48045	-0.603479	
1	3.45849	1.56451	3.45165	
1	1.07312	2.08534	0.0978556	
1	1.18751	2.02942	0.882167	
1	2.41615	0.633081	1.34695	
1	2.7838	0.557132	3.74031	
1	-1.24179	1.29351	2.64889	
1	0.833231	1.54135	1.14738	
1	1.52285	1.60401	-0.0482091	
1	1.49613	1.55935	5.16251	
1	2.59395	2.55923	1.81049	
1	1.37729	1.2639	3.50985	
1	2.11239	1.63524	0.0777188	
1	-3.72019	3.10367	-0.575775	
1	0.94725	1.54301	1.89072	
1	1.42864	2.45904	3.50767	
1	1.9076	2.00372	3.23594	
1	-0.304016	1.61142	2.23685	
1	1.92922	2.14682	1.00551	
1	0.38751	1.5716	1.68523	
2	1.45352	0.602641	3.52144	
2	1.90928	1.04356	1.86561	
2	0.597116	1.99108	4.37595	
2	1.30315	1.50026	2.56936	
2	2.69958	1.60786	4.78886	
2	1.20403	1.04537	4.94137	
2	0.862905	2.09584	3.4038	
2	0.690001	1.00779	5.63606	
2	2.45549	1.28301	-0.58909	
2	1.31791	2.02827	2.93656	
2	1.76277	1.01112	5.38243	
2	1.38167	2.04006	2.20107	
2	1.21228	1.11521	4.18809	
2	1.64553	0.632613	4.66371	
2	1.31206	2.02263	4.23562	
2	1.20527	1.57875	4.61154	
2	0.652757	0.548722	2.48871	
2	-0.689301	2.55589	1.20846	
2	2.54072	1.26102	3.56518	
2	1.09389	1.52077	0.492417	
2	3.18056	1.07869	3.22936	
2	0.871971	1.62842	-0.207101	
2	1.68004	0.641385	6.64138	
2	0.634715	1.17002	2.44453	
2	1.24867	1.06774	2.08239	
2	0.683865	1.33836	4.46233	
2	0.904973	1.5234	5.33853	
2	-0.312054	0.0353992	4.57102	
2	2.20915	1.57735	0.795789	
2	1.41377	1.83622	1.48963	
2	1.18541	-0.616645	-0.645453	
2	1.37979	0.706894	1.53412	
2	0.553071	1.31965	0.306694	
2	1.5951	1.48135	4.04663	
2	0.730517	1.04224	1.45953	
2	2.41581	1.04551	2.54491	
2	1.57385	1.58702	0.912869	
2	1.38998	1.85874	3.58295	
2	1.42364	2.50969	1.4694	
2	1.94389	1.57085	1.37669	
2	2.4357	1.87544	5.73623	
2	2.58453	1.94398	1.65089	
2	0.569245	0.701319	4.48339	
2	1.2844	1.08599	6.38838	
2	0.738217	1.04253	3.56673	
2	1.68772	1.51577	1.9255	
2	2.37088	0.636957	5.8833	
2	1.41366	1.30949	1.43691	
2	1.32561	1.85728	5.75309	
2	1.84537	1.26833	2.52712	
2	1.8076	1.25897	4.63662	
2	1.27366	0.979871	2.88011	
2	0.492868	2.5791	0.630353	
2	1.80549	2.44632	2.4389	
2	2.4151	1.01474	6.68372	
2	1.77384	1.2886	0.475553	
2	1.99026	2.06711	1.69703	
2	-0.111545	2.1193	-0.413039	
2	2.5137	1.34422	1.33162	
2	2.29197	2.10664	4.79041	
#ITERATION
86000
#type theta	psi	phi
1	0.60591	2.11033	5.61057	
1	0.958928	1.46871	3.20995	
