2	2.38245	1.20935	-0.661635	
2	1.36464	2.21181	2.90857	
2	1.83936	0.971153	5.23076	
2	1.29113	2.11985	2.05931	
2	1.24825	0.984703	4.12047	
2	1.63236	0.574664	4.62136	
2	1.26521	2.09126	4.08226	
2	1.26435	1.47518	4.50686	
2	0.625205	0.663216	2.48081	
2	-0.70884	2.57182	1.47359	
2	2.52143	1.27607	3.53136	
2	1.20821	1.58205	0.358761	
2	3.16864	0.974005	3.10538	
2	0.80679	1.56311	-0.331855	
2	1.58188	0.695383	6.7657	
2	0.786051	1.3839	2.44174	
2	1.21303	1.08717	2.02771	
2	0.524233	1.28255	4.35935	
2	0.833826	1.59537	5.11918	
2	-0.00752704	0.098389	5.47716	
2	2.2165	1.55399	0.632894	
2	1.32425	1.8966	1.42098	
2	1.4846	-0.629296	-0.617785	
2	1.3188	0.614311	1.43797	
2	0.578962	1.31646	0.448134	
2	1.66894	1.54595	3.98372	
2	0.772318	1.17496	1.5184	
2	2.45556	0.918608	2.44566	
2	1.51373	1.64994	0.858683	
2	1.46408	1.84698	3.53386	
2	1.39808	2.60235	1.52351	
2	1.93113	1.62348	1.35921	
2	2.49855	1.91444	5.62034	
2	2.53083	1.84949	1.31998	
2	0.666786	0.722846	4.59291	
2	1.12106	1.1178	6.29102	
2	0.786443	1.12857	3.43332	
2	1.59784	1.55716	1.86513	
2	2.36928	0.486614	5.74099	
2	1.44297	1.32128	1.4191	
2	1.22835	1.88741	5.63091	
2	1.75465	1.24658	2.51327	
2	1.79406	1.2131	4.66921	
2	1.21319	1.03818	2.83964	
2	0.610169	2.50823	0.359258	
2	1.96058	2.4619	2.37657	
2	2.42868	1.06184	6.49352	
2	1.7687	1.23916	0.245211	
2	1.87528	2.15488	1.63362	
2	-0.111424	2.08746	-0.969622	
2	2.56081	1.2079	1.38511	
2	2.38895	2.07946	4.36803	
#ITERATION
84000
#type theta	psi	phi
1	0.603475	2.17957	5.56882	
1	1.01386	1.51027	3.13276	
1	0.538072	3.83668	6.7224	
1	3.4133	1.44796	5.47823	
1	0.798218	2.12111	1.48638	
1	-0.546095	0.627717	3.44685	
1	2.09023	1.50378	4.99361	
1	2.44238	0.994718	4.75114	
1	0.773557	1.89691	2.57983	
1	0.0614435	1.12148	6.76914	
1	1.85741	1.12349	5.98777	
1	1.18498	2.18221	4.89201	
1	0.412591	1.52494	3.39831	
1	1.88235	1.1175	1.1113	
1	-1.22742	0.628082	2.2474	
1	1.7612	2.16502	5.26127	
1	3.14914	2.02339	5.58788	
1	0.982323	1.59168	3.82821	
1	1.99874	1.57858	3.59776	
1	2.38511	2.08196	0.404415	
1	1.91407	1.57723	5.62769	
1	2.1868	1.53776	4.30351	
1	0.576666	1.92773	0.415484	
1	1.85249	1.89154	2.52531	
1	1.10459	1.12925	0.835683	
1	2.52972	2.43612	5.59318	
1	1.7166	2.51872	0.430843	
1	2.5605	1.77026	3.5714	
1	2.29275	1.51705	2.105	
1	1.90749	0.91306	3.21952	
1	1.93169	1.03451	4.04253	
1	1.95145	2.01554	-0.322116	
1	1.77246	1.96119	4.62693	
1	0.828008	2.53958	2.60224	
1	1.71492	1.86466	0.380297	
1	1.67982	1.49556	2.99542	
1	1.80488	2.57457	4.70897	
1	2.47465	1.95401	2.50673	
1	2.27422	1.44171	2.94187	
1	2.01347	2.08636	3.99609	
1	1.24227	2.58176	-0.421742	
1	3.58165	1.65322	3.1989	
1	1.16435	2.08815	0.0388898	
1	1.2851	2.1434	0.822649	
1	2.48802	0.625869	1.18299	
1	2.53139	0.602497	3.75551	
