2	1.46466	-0.655054	-0.593069	
2	1.35197	0.653452	1.44496	
2	0.696466	1.27746	0.404817	
2	1.59255	1.49814	3.95191	
2	0.677304	1.12093	1.45035	
2	2.37926	1.05602	2.47958	
2	1.64947	1.4834	0.825203	
2	1.39693	1.91503	3.4952	
2	1.58525	2.55379	1.45939	
2	1.92254	1.50269	1.44284	
2	2.44827	1.76323	5.72611	
2	2.48819	1.80745	1.48224	
2	0.474317	0.648387	4.68935	
2	1.22414	1.13069	6.25621	
2	0.739938	1.15741	3.49739	
2	1.57723	1.5981	1.94105	
2	2.46215	0.573652	5.55899	
2	1.32063	1.25562	1.42466	
2	1.38764	1.86627	5.52282	
2	1.74883	1.23304	2.46207	
2	1.85448	1.18312	4.50554	
2	1.08899	1.15816	2.86595	
2	0.783547	2.58508	0.312928	
2	1.826	2.56556	2.62556	
2	2.48882	1.01905	6.66375	
2	1.73287	1.21659	0.383583	
2	1.94136	2.13854	1.98011	
2	0.0508468	2.17309	-0.549649	
2	2.49	1.21182	1.33351	
2	2.48629	2.00143	4.63701	
#ITERATION
83000
#type theta	psi	phi
1	0.586693	2.17242	5.51084	
1	1.0249	1.5968	3.11002	
1	0.590966	3.85137	6.61008	
1	3.5453	1.51035	5.63247	
1	0.767218	2.12926	1.5493	
1	-0.607431	0.726829	3.74234	
1	2.22125	1.56189	4.95353	
1	2.46641	1.02071	4.47927	
1	0.878354	1.97431	2.55723	
1	-0.012646	1.094	6.4844	
1	1.86544	0.932049	5.9825	
1	1.19932	2.12452	4.90633	
1	0.461052	1.57217	3.28587	
1	1.91134	1.0531	1.0024	
1	-1.21392	0.608412	2.68337	
1	1.93176	2.05193	5.20606	
1	3.06086	1.95344	5.52457	
1	1.01549	1.56849	3.90146	
1	1.96765	1.55273	3.4252	
1	2.43544	2.0547	0.28347	
1	1.93301	1.52892	5.55086	
1	2.24877	1.53336	4.23895	
1	0.682549	1.94595	0.439363	
1	1.7996	1.82797	2.39292	
1	1.2156	1.10101	0.882322	
1	2.38358	2.48928	5.43643	
1	1.89233	2.52636	0.337816	
1	2.46409	1.8513	3.47614	
1	2.15078	1.55905	1.91921	
1	1.88964	0.958222	3.25353	
1	1.86761	0.943779	4.01532	
1	1.91972	2.11795	-0.383187	
1	1.77723	1.76189	4.52886	
1	0.702057	2.53558	2.51564	
1	1.79591	1.94963	0.251765	
1	1.58421	1.60831	3.0394	
1	1.75391	2.40168	4.5582	
1	2.45642	2.04237	2.40195	
1	2.24444	1.44759	2.79348	
1	1.87382	2.05	3.8501	
1	1.36167	2.52678	-0.554479	
1	3.45155	1.48589	3.5244	
1	1.19851	2.06525	0.0450848	
1	1.24871	2.21282	0.770255	
1	2.45665	0.590578	1.32547	
1	2.43494	0.512569	3.64564	
1	-1.28241	1.28996	2.43593	
1	0.930081	1.65394	0.984453	
1	1.50152	1.55255	-0.200265	
1	1.47353	1.60051	5.07318	
1	2.48434	2.39079	1.26675	
1	1.4271	1.27981	3.52939	
1	2.19345	1.58375	-0.0465333	
1	-4.03708	3.08681	-0.827893	
1	0.973685	1.61922	1.83905	
1	1.58637	2.52064	3.68546	
1	2.01901	2.06179	3.00535	
1	-0.240204	1.63132	2.51824	
1	1.92992	2.03698	0.962086	
1	0.328646	1.5843	1.74374	
2	1.22911	0.642671	3.49591	
2	1.84971	1.02446	1.87567	
2	0.668153	1.94931	4.42251	
2	1.2892	1.57752	2.40353	
2	2.75579	1.56571	4.59003	
2	1.22187	1.03454	4.92134	
2	0.741203	2.14274	3.50635	
2	0.619592	1.08749	5.5942	
