1	-1.33842	1.38689	2.52855	
1	1.00887	1.60233	1.12853	
1	1.42985	1.66283	-0.116867	
1	1.58259	1.68298	5.13903	
1	2.56289	2.51667	1.53336	
1	1.41565	1.22566	3.61726	
1	2.09981	1.51522	0.114202	
1	-4.00178	3.11951	-0.269774	
1	1.02286	1.63125	1.84225	
1	1.55571	2.49475	3.4654	
1	2.11488	2.05962	3.18906	
1	-0.277215	1.65	2.17634	
1	1.9226	2.01376	1.16434	
1	0.402943	1.59244	1.68643	
2	1.27842	0.530194	3.72319	
2	1.98157	0.982842	1.79705	
2	0.625771	1.90723	4.30879	
2	1.25558	1.55342	2.43891	
2	2.75002	1.52461	4.72826	
2	1.31568	1.14867	5.02018	
2	0.787677	2.12558	3.45785	
2	0.870223	1.09132	5.53254	
2	2.42454	1.32409	-0.62435	
2	1.32584	2.03218	2.8982	
2	1.83036	1.06501	5.31652	
2	1.37755	2.03702	2.06627	
2	1.17608	1.03206	4.21952	
2	1.81451	0.712157	4.66024	
2	1.33719	2.12755	4.04753	
2	1.13111	1.63539	4.53609	
2	0.577437	0.618179	2.45902	
2	-0.68748	2.53377	1.41436	
2	2.53697	1.17321	3.60672	
2	1.16552	1.66358	0.521842	
2	3.3005	1.02449	3.16667	
2	0.830803	1.61555	-0.410152	
2	1.48822	0.719941	6.5482	
2	0.750766	1.25467	2.48085	
2	1.34363	0.985151	2.06747	
2	0.630357	1.30258	4.5445	
2	0.948136	1.661	5.13903	
2	0.25577	-0.00697099	5.08183	
2	2.17086	1.51523	0.760558	
2	1.42963	1.88121	1.47483	
2	1.54233	-0.588435	-0.645406	
2	1.43983	0.596187	1.32436	
2	0.649972	1.34325	0.250387	
2	1.59434	1.58713	4.03918	
2	0.776794	0.975031	1.56926	
2	2.44573	0.931797	2.41351	
2	1.52884	1.62982	0.91633	
2	1.48959	1.83563	3.44625	
2	1.46526	2.55451	1.45758	
2	2.02776	1.55775	1.50977	
2	2.38796	1.88471	5.43736	
2	2.51232	1.83894	1.38177	
2	0.563116	0.779785	4.58241	
2	1.17256	1.197	6.26062	
2	0.654749	1.04172	3.54106	
2	1.63569	1.49639	1.94554	
2	2.24863	0.569363	5.72052	
2	1.43064	1.26295	1.48964	
2	1.25474	2.02849	5.69463	
2	1.80258	1.21058	2.45475	
2	1.67923	1.38596	4.61189	
2	1.25402	0.990283	2.86737	
2	0.531005	2.54664	0.650555	
2	1.90691	2.47596	2.46058	
2	2.26129	0.98593	6.63563	
2	1.6895	1.24852	0.544507	
2	2.05271	2.06825	1.81569	
2	-0.216203	2.16384	-0.550716	
2	2.48322	1.17823	1.19966	
2	2.45833	2.0445	4.52065	
#ITERATION
85000
#type theta	psi	phi
1	0.680877	2.07239	5.51676	
1	1.01654	1.50205	3.06467	
1	0.734805	3.89369	6.95894	
1	3.50004	1.57753	5.60707	
1	0.743658	2.06942	1.56523	
1	-0.642799	0.63946	3.42394	
1	2.07949	1.56213	5.02895	
1	2.39519	1.01791	4.77711	
1	0.818278	1.85449	2.52038	
1	0.0176592	1.09238	6.52132	
1	1.90319	1.06572	6.08989	
1	1.11423	2.10563	4.96631	
1	0.403979	1.56407	3.42376	
1	1.97399	1.04791	1.08068	
1	-1.35364	0.64275	2.57335	
1	1.7329	2.08558	5.32015	
1	3.09718	2.05792	5.98766	
1	1.00524	1.57102	3.89306	
1	2.0557	1.56866	3.56927	
1	2.3123	2.09846	0.307715	
1	1.89315	1.56203	5.74018	
1	2.13684	1.61801	4.27779	
1	0.582732	1.89403	0.520538	
1	1.86853	1.87432	2.5528	
