1	0.338221	1.58333	1.62794	
2	1.38583	0.6005	3.49179	
2	1.90317	1.02531	1.7686	
2	0.7085	1.91457	4.55943	
2	1.32297	1.51604	2.51204	
2	2.74252	1.50625	4.64318	
2	1.32829	1.09313	5.08045	
2	0.744944	2.09006	3.59739	
2	0.688973	1.07015	5.59457	
2	2.50089	1.19369	-0.529891	
2	1.26363	2.21402	2.85222	
2	1.96282	1.03664	5.27151	
2	1.28986	1.98936	2.17972	
2	1.28497	0.96561	4.17869	
2	1.76596	0.672784	4.63377	
2	1.33231	2.15478	4.20399	
2	1.20027	1.54299	4.61004	
2	0.616553	0.59783	2.62503	
2	-0.623618	2.55427	1.5692	
2	2.4579	1.27221	3.56731	
2	1.15314	1.55737	0.401295	
2	3.20444	1.01817	3.30951	
2	0.876345	1.59627	-0.356178	
2	1.70795	0.637709	6.80214	
2	0.731443	1.25936	2.65694	
2	1.2981	1.01344	2.1595	
2	0.731637	1.2681	4.5227	
2	0.896248	1.57025	5.18796	
2	-0.494159	-0.0263357	3.74731	
2	2.13958	1.5312	0.816795	
2	1.3338	1.91051	1.56198	
2	1.34492	-0.604598	-0.619501	
2	1.23721	0.5827	1.45429	
2	0.577525	1.21492	0.488322	
2	1.59383	1.55117	4.1531	
2	0.782058	1.08976	1.51742	
2	2.48454	1.04616	2.40709	
2	1.50654	1.5859	0.941325	
2	1.4207	1.9542	3.52591	
2	1.24727	2.45749	1.4251	
2	2.00159	1.59827	1.43438	
2	2.50191	1.84652	5.6917	
2	2.5481	1.82965	1.28476	
2	0.758785	0.632538	4.69438	
2	1.15558	1.05738	6.31775	
2	0.664311	1.12599	3.64587	
2	1.61656	1.55	1.91916	
2	2.48314	0.589543	5.74415	
2	1.389	1.24595	1.42678	
2	1.33142	1.89209	5.63664	
2	1.87139	1.26343	2.43173	
2	1.77781	1.30657	4.65089	
2	1.20917	1.09457	3.02975	
2	0.470358	2.45586	0.461861	
2	1.84581	2.49093	2.38586	
2	2.30892	0.9977	6.70175	
2	1.67714	1.29173	0.409087	
2	1.91152	2.1404	1.75351	
2	-0.0965906	2.05435	-0.196097	
2	2.50229	1.22195	1.42999	
2	2.44201	2.04758	4.58886	
#ITERATION
89000
#type theta	psi	phi
1	0.693651	2.06205	5.56022	
1	1.02153	1.52683	3.2601	
1	0.486835	3.75585	6.7877	
1	3.52827	1.5351	5.46944	
1	0.744332	2.05686	1.67346	
1	-0.522752	0.65152	3.33818	
1	2.18705	1.53474	5.02719	
1	2.40803	1.0331	4.53158	
1	0.744766	1.93365	2.67331	
1	0.0285627	1.09693	5.2556	
1	1.95148	1.04391	5.99219	
1	1.34508	2.15747	4.96632	
1	0.457355	1.60003	3.61241	
1	1.84976	1.03044	1.11855	
1	-1.40106	0.717733	2.58678	
1	1.9834	2.01395	5.38644	
1	3.12721	1.98231	5.6598	
1	1.02768	1.62771	3.99325	
1	1.96576	1.64076	3.52823	
1	2.35282	2.0693	0.367326	
1	1.9059	1.57304	5.75223	
1	2.18866	1.56109	4.14678	
1	0.524639	1.84873	0.488941	
1	1.85188	1.96966	2.49384	
1	1.19262	1.07277	0.938729	
1	2.54151	2.43192	5.76605	
1	1.68093	2.53816	0.210284	
1	2.51006	1.93322	3.64812	
1	2.0982	1.53561	2.0691	
1	1.95513	0.945226	3.05809	
1	1.80516	1.04271	3.91764	
1	1.78284	2.09552	-0.246222	
1	1.88912	1.92629	4.65244	
1	0.871493	2.56192	2.4719	
1	1.62197	1.95721	0.372734	
1	1.66425	1.5529	3.04121	
1	1.85919	2.5496	4.65431	
