1	2.25865	1.5523	4.98067	
1	2.54377	1.05665	4.74102	
1	0.820294	1.78443	2.52458	
1	0.068089	0.944698	3.6669	
1	1.8922	1.1275	6.02353	
1	1.16676	2.09138	4.93801	
1	0.342411	1.40035	3.63287	
1	1.93169	1.14826	0.974617	
1	-1.52804	0.667977	2.53092	
1	1.89244	2.1207	5.03616	
1	3.20841	2.17376	7.08628	
1	0.971494	1.5361	3.90629	
1	2.01659	1.65561	3.63125	
1	2.35612	2.23263	0.260517	
1	1.89926	1.60925	5.62911	
1	2.32684	1.50688	4.27226	
1	0.663829	1.80111	0.380988	
1	1.70325	1.79594	2.52631	
1	1.22708	1.14054	0.837733	
1	2.43909	2.49837	5.44404	
1	1.68195	2.60015	0.367885	
1	2.50317	1.93988	3.47533	
1	2.25381	1.58191	2.00731	
1	2.02364	1.11905	3.25223	
1	2.02964	1.03737	4.03942	
1	1.67945	2.145	-0.401026	
1	1.669	1.83442	4.60217	
1	0.713013	2.49878	2.55841	
1	1.68651	1.98292	0.340159	
1	1.62391	1.56128	3.03265	
1	1.5815	2.52664	4.37569	
1	2.31204	2.15151	2.47136	
1	2.22539	1.5888	2.77141	
1	1.83609	2.12188	3.86627	
1	1.2915	2.53365	-0.789126	
1	3.62313	1.76607	3.30953	
1	1.12154	2.03239	0.0133709	
1	1.15114	2.1262	0.786517	
1	2.43538	0.70133	1.27713	
1	2.61887	0.685536	3.47162	
1	-1.41236	1.22981	2.52293	
1	0.924664	1.58991	1.11395	
1	1.44356	1.59948	-0.156206	
1	1.59371	1.59891	5.05549	
1	2.63003	2.5892	1.41117	
1	1.45189	1.15098	3.53748	
1	2.05158	1.73942	-0.00159914	
1	-2.55755	3.14215	-0.804105	
1	1.0568	1.51378	1.91015	
1	1.36435	2.50355	3.47596	
1	1.95026	2.07385	3.0837	
1	-0.36541	1.44595	2.60507	
1	1.76645	2.16825	1.02867	
1	0.438775	1.49886	1.64112	
2	1.48436	0.58857	3.6354	
2	2.03829	1.06661	1.68401	
2	0.679909	1.88524	4.43478	
2	1.28881	1.44412	2.50236	
2	2.7887	1.52602	4.88832	
2	1.26795	1.08466	4.97332	
2	0.50807	1.96704	3.36349	
2	0.739138	1.02288	5.54576	
2	2.4475	1.37105	-0.53635	
2	1.1639	2.06699	3.10323	
2	1.94308	1.0514	5.31424	
2	1.2733	2.06392	2.07368	
2	1.24689	1.0352	4.2428	
2	2.02021	0.574264	4.68994	
2	1.28516	1.97643	4.168	
2	1.20449	1.56123	4.5288	
2	0.567057	0.555278	2.77248	
2	-0.490508	2.47822	1.19054	
2	2.62371	1.33188	3.44653	
2	1.20033	1.56027	0.396557	
2	3.31341	1.1553	3.9847	
2	0.915744	1.56575	-0.35657	
2	1.65169	0.835997	6.74826	
2	0.732071	1.07485	2.49772	
2	1.34619	0.991973	2.06413	
2	0.686757	1.24171	4.55843	
2	1.01569	1.51254	5.21707	
2	-0.600648	-0.0203281	4.38321	
2	2.15091	1.67974	0.713051	
2	1.29098	1.92552	1.47388	
2	1.14909	-0.685179	-0.777508	
2	1.34799	0.546533	1.24487	
2	0.617028	1.2249	0.523882	
2	1.69732	1.51274	4.14454	
2	0.745898	0.928291	1.38864	
2	2.53164	1.07823	2.42981	
2	1.51239	1.63526	0.929862	
2	1.48323	1.76498	3.60579	
2	1.379	2.58269	1.65987	
2	1.8697	1.57182	1.41356	
2	2.34114	1.99465	5.54521	
2	2.38181	2.07255	1.30676	
2	0.75281	0.618843	4.62377	
2	1.20404	1.0617	6.29353	
2	0.740454	1.02906	3.70458	
2	1.62506	1.55947	1.99308	
2	2.44033	0.746811	5.92119	
