2	1.37043	1.17034	1.49241	
2	1.31988	1.79111	5.57123	
2	1.85809	1.24145	2.50914	
2	1.82023	1.19231	4.67029	
2	1.39018	0.964243	2.86727	
2	0.615286	2.52768	0.647706	
2	1.63036	2.39042	2.61752	
2	2.33944	1.21594	6.65243	
2	1.77494	1.39827	0.383798	
2	1.90056	2.08918	1.87159	
2	0.0761094	1.98384	-0.278737	
2	2.4272	1.35042	1.30151	
2	2.34366	2.08251	4.50306	
#ITERATION
96000
#type theta	psi	phi
1	0.637771	2.13037	5.59606	
1	1.02948	1.44215	3.17097	
1	0.786071	3.76516	6.87001	
1	3.56009	1.69766	5.60862	
1	0.653446	2.01291	1.5357	
1	-0.750447	0.671379	3.21272	
1	2.14268	1.59801	5.07677	
1	2.4821	1.11732	4.63222	
1	0.749607	1.77256	2.59622	
1	0.0218602	0.963085	3.89226	
1	1.96734	1.08185	6.00402	
1	1.22002	2.12989	4.99824	
1	0.329161	1.47792	3.48195	
1	1.87376	1.04521	1.03622	
1	-1.50914	0.688281	2.46186	
1	1.86383	2.10227	5.09607	
1	2.99454	2.24384	7.06978	
1	0.949119	1.46208	3.94433	
1	1.95409	1.48827	3.54257	
1	2.33213	2.16427	0.402656	
1	1.92433	1.7676	5.58857	
1	2.23235	1.56634	4.1921	
1	0.586014	1.88025	0.450893	
1	1.84993	1.84795	2.4694	
1	1.19246	1.10145	0.670959	
1	2.3425	2.61625	5.58584	
1	1.61443	2.57428	0.425322	
1	2.47567	1.90733	3.51638	
1	2.15245	1.52942	2.03335	
1	1.90737	1.05914	3.16954	
1	2.00221	1.07557	3.99879	
1	1.87775	2.16936	-0.163651	
1	1.75187	1.82699	4.53931	
1	0.674152	2.45928	2.52308	
1	1.64641	1.92845	0.453453	
1	1.6233	1.5114	3.04547	
1	1.51958	2.49121	4.35444	
1	2.38498	2.17932	2.37669	
1	2.19454	1.57064	2.84028	
1	1.88149	1.9902	3.88893	
1	1.17968	2.50713	-0.676294	
1	3.46927	1.67836	3.53524	
1	1.04872	2.16377	0.152595	
1	1.14091	1.95083	0.927307	
1	2.40011	0.658283	1.00964	
1	2.53605	0.799747	3.35809	
1	-1.34287	1.3853	2.50374	
1	0.900021	1.47869	1.06019	
1	1.55253	1.58927	-0.10699	
1	1.55659	1.55623	5.1171	
1	2.3665	2.58518	1.34952	
1	1.36418	1.15565	3.60338	
1	2.18094	1.61103	0.00928776	
1	-2.48046	3.17554	-0.87938	
1	0.949413	1.51931	1.85173	
1	1.2864	2.54334	3.36447	
1	1.96656	2.14246	3.11768	
1	-0.363548	1.55762	2.23798	
1	1.84726	2.12064	1.09362	
1	0.353322	1.58114	1.76938	
2	1.49769	0.600461	3.65583	
2	1.97808	1.04633	1.76328	
2	0.726066	1.80263	4.5045	
2	1.34929	1.45225	2.4869	
2	2.72875	1.63122	4.60721	
2	1.30366	1.104	5.02509	
2	0.774925	2.04259	3.45559	
2	0.810212	1.09923	5.62322	
2	2.46928	1.35766	-0.688686	
2	1.27506	1.99912	2.83872	
2	1.97598	1.10413	5.33583	
2	1.22906	2.0396	2.15905	
2	1.34234	0.942078	4.24929	
2	1.82676	0.693969	4.77596	
2	1.21739	2.01446	4.16832	
2	1.21452	1.56838	4.54047	
2	0.699425	0.514962	2.59978	
2	-0.643237	2.40601	1.13528	
2	2.49902	1.33858	3.4697	
2	1.15709	1.6405	0.396907	
2	3.07381	1.22606	3.9246	
2	0.87121	1.64794	-0.270341	
2	1.7023	0.695997	6.63607	
2	0.752504	1.20896	2.57015	
2	1.17407	1.01215	2.09021	
