1	2.42557	2.55811	1.66583	
1	1.41218	1.2269	3.60324	
1	2.17482	1.5563	0.0828641	
1	-2.28959	3.15558	-0.0642494	
1	0.918398	1.52376	1.88211	
1	1.46039	2.48787	3.51086	
1	1.92011	2.09899	3.04066	
1	-0.275044	1.4967	2.41194	
1	1.87215	2.06166	1.11284	
1	0.333461	1.48565	1.48241	
2	1.65637	0.569135	3.82832	
2	1.91738	1.03256	1.8237	
2	0.684249	1.87816	4.65618	
2	1.20736	1.47296	2.51036	
2	2.78891	1.572	4.54106	
2	1.226	1.08864	4.95226	
2	0.768992	2.09414	3.61239	
2	0.734413	1.03958	5.53537	
2	2.40778	1.29279	-0.51159	
2	1.23108	2.12949	2.85739	
2	1.97933	1.10674	5.24782	
2	1.25129	2.08685	2.14637	
2	1.38028	1.10177	4.28311	
2	1.86582	0.781742	4.66764	
2	1.21602	2.19248	4.22417	
2	1.27561	1.64273	4.5112	
2	0.578751	0.627584	2.68301	
2	-0.672826	2.53161	1.45573	
2	2.44515	1.24806	3.52078	
2	1.18457	1.57766	0.412301	
2	3.14466	1.14272	3.65608	
2	0.92684	1.52484	-0.291166	
2	1.80002	0.600633	6.85524	
2	0.661777	1.31317	2.64846	
2	1.22206	1.00856	2.02412	
2	0.773151	1.28115	4.54832	
2	0.95552	1.56655	5.19076	
2	0.266891	-0.0422664	4.20866	
2	2.15673	1.65636	0.82514	
2	1.24918	1.81215	1.47203	
2	1.31267	-0.607151	-0.742996	
2	1.42939	0.644054	1.45718	
2	0.599546	1.17575	0.389857	
2	1.66858	1.52968	4.04645	
2	0.709969	0.881515	1.34194	
2	2.41193	1.12116	2.42434	
2	1.55787	1.5471	0.934488	
2	1.44441	1.94163	3.56549	
2	1.18964	2.5118	1.35629	
2	1.82568	1.59486	1.52118	
2	2.53524	1.91752	5.69655	
2	2.45146	1.94576	1.47337	
2	0.792279	0.62305	4.71239	
2	1.23022	1.05272	6.33229	
2	0.787795	1.01388	3.79046	
2	1.49868	1.49953	1.97966	
2	2.51976	0.655877	5.99244	
2	1.34476	1.23155	1.40506	
2	1.35667	1.86304	5.59107	
2	1.68805	1.1803	2.49333	
2	1.82656	1.36777	4.59837	
2	1.16876	1.00416	2.92539	
2	0.588254	2.4871	0.300138	
2	1.62787	2.52681	2.48852	
2	2.34082	1.07568	6.72555	
2	1.74399	1.24392	0.419597	
2	1.87104	2.11701	1.82094	
2	-0.0443262	2.05034	-0.0716806	
2	2.47353	1.31644	1.43554	
2	2.43806	2.13443	4.64919	
#ITERATION
94000
#type theta	psi	phi
1	0.707245	1.98876	5.69947	
1	0.931662	1.42874	3.11582	
1	0.579977	3.72707	6.4804	
1	3.57447	1.64677	5.53227	
1	0.719508	2.06483	1.33102	
1	-0.666367	0.560258	3.77963	
1	2.15501	1.51373	5.00019	
1	2.53594	1.10633	4.65898	
1	0.61744	1.84575	2.5078	
1	0.0515683	0.989814	3.42831	
1	1.80729	1.0967	5.96171	
1	1.11332	2.05564	4.99363	
1	0.437865	1.47399	3.64446	
1	1.80325	1.04243	0.986161	
1	-1.4929	0.627517	2.50953	
1	1.81827	2.1056	5.32021	
1	3.12759	2.12967	6.63052	
1	1.06361	1.45561	3.84697	
1	1.99854	1.654	3.55595	
1	2.35564	2.06782	0.330335	
1	1.76911	1.5991	5.58656	
1	2.2132	1.60232	4.21933	
1	0.641941	1.84554	0.35125	
1	1.6602	1.89585	2.46432	
1	1.20709	1.05217	0.646701	
1	2.3811	2.56984	5.51307	
1	1.65834	2.48215	0.544126	
1	2.48171	1.98176	3.22112	
