1	1.87942	2.15474	5.36024	
1	3.12121	2.21246	5.93524	
1	1.01864	1.60741	3.85277	
1	2.10923	1.62264	3.55957	
1	2.42754	2.07075	0.635049	
1	1.93004	1.61605	5.71324	
1	2.18271	1.50825	4.3046	
1	0.647698	1.86551	0.371199	
1	1.8277	1.81555	2.53537	
1	1.06679	1.04012	0.651364	
1	2.4882	2.55016	5.67277	
1	1.74744	2.51703	0.432378	
1	2.61024	1.86162	3.67345	
1	2.14814	1.58424	2.12641	
1	1.90412	1.12683	3.24822	
1	1.95588	1.06472	3.92404	
1	1.86116	2.11819	-0.157254	
1	1.78507	1.8813	4.5676	
1	0.71549	2.406	2.61245	
1	1.62694	1.87195	0.409165	
1	1.68141	1.58854	3.05132	
1	1.85293	2.47783	4.62382	
1	2.4675	2.0693	2.32055	
1	2.23189	1.57536	2.88045	
1	2.05636	2.0526	3.99089	
1	1.33232	2.54818	-0.720416	
1	3.53071	1.6001	3.4096	
1	1.18832	2.16237	0.0830316	
1	1.07994	1.97215	0.898494	
1	2.47704	0.64261	1.38494	
1	2.48235	0.587582	3.42872	
1	-1.39279	1.36075	2.55093	
1	0.766532	1.49582	1.03033	
1	1.56624	1.65793	-0.087258	
1	1.61514	1.57756	5.08722	
1	2.41181	2.51675	1.50376	
1	1.35022	1.24283	3.51367	
1	2.11771	1.66455	0.080142	
1	-3.01355	3.21538	0.42085	
1	0.892113	1.51392	1.85942	
1	1.36514	2.52147	3.5332	
1	1.98861	2.0872	3.22439	
1	-0.298649	1.59535	2.45309	
1	1.74838	2.00341	1.02111	
1	0.276509	1.588	1.94313	
2	1.3202	0.618744	3.52944	
2	1.86211	0.957511	1.79224	
2	0.657118	1.89063	4.69782	
2	1.16932	1.51044	2.47934	
2	2.7611	1.57568	4.60705	
2	1.29099	1.13061	4.94572	
2	0.793553	2.07413	3.50589	
2	0.732455	1.03963	5.43818	
2	2.47048	1.28761	-0.638455	
2	1.33779	2.09038	2.85377	
2	2.01297	1.05904	5.25755	
2	1.20671	2.09644	2.134	
2	1.32153	1.03975	4.15045	
2	1.82012	0.603154	4.65342	
2	1.34367	2.1054	4.24079	
2	1.15175	1.57064	4.43873	
2	0.649809	0.684918	2.54437	
2	-0.69946	2.54713	1.47399	
2	2.56498	1.2094	3.45455	
2	1.18005	1.57499	0.403705	
2	3.23996	1.11579	2.76439	
2	0.982886	1.65341	-0.264336	
2	1.72306	0.710878	6.63862	
2	0.673339	1.30739	2.71333	
2	1.16842	1.03533	2.17331	
2	0.683908	1.27129	4.52774	
2	0.91919	1.55152	5.28921	
2	-0.269207	0.00100504	3.82164	
2	2.18257	1.59303	0.850722	
2	1.30234	1.84142	1.45092	
2	1.41785	-0.671361	-0.608088	
2	1.38862	0.538919	1.32509	
2	0.611793	1.23823	0.254678	
2	1.62599	1.52085	4.06709	
2	0.644854	0.997788	1.45682	
2	2.35562	1.03383	2.41073	
2	1.44798	1.49088	0.952348	
2	1.44916	1.94103	3.5453	
2	1.35191	2.4852	1.542	
2	1.92182	1.53049	1.4225	
2	2.44007	1.94893	5.74883	
2	2.4037	1.78774	1.4853	
2	0.752173	0.681563	4.39562	
2	1.13834	1.11405	6.14612	
2	0.782709	1.05543	3.52837	
2	1.56203	1.49096	2.02342	
2	2.42685	0.650715	5.56405	
2	1.28966	1.16955	1.47229	
2	1.36389	1.91777	5.58331	
2	1.77746	1.27198	2.48428	
2	1.80188	1.19747	4.63481	
2	1.34949	1.05777	2.97479	
2	0.579088	2.50131	0.620404	
2	1.7989	2.45903	2.48177	
2	2.4343	1.04234	6.59345	
2	1.62703	1.27942	0.361955	
