2	1.207	1.0452	4.16402	
2	1.86203	0.657367	4.72457	
2	1.15874	2.14322	4.15944	
2	1.32846	1.51788	4.61145	
2	0.509562	0.697504	2.42972	
2	-0.592904	2.47741	1.46348	
2	2.4751	1.29826	3.5096	
2	1.16307	1.52888	0.363967	
2	3.14437	1.06097	3.64096	
2	0.999244	1.52196	-0.311021	
2	1.86342	0.645615	6.72107	
2	0.594024	1.21974	2.6038	
2	1.21645	1.02508	2.22031	
2	0.744846	1.36199	4.56021	
2	1.07316	1.57946	5.19593	
2	0.350977	-0.0417107	4.33571	
2	2.12293	1.55274	0.787231	
2	1.32937	1.92019	1.55331	
2	1.1844	-0.566067	-0.602766	
2	1.13885	0.593327	1.38643	
2	0.671891	1.30047	0.472593	
2	1.60658	1.67284	4.05091	
2	0.675389	1.07755	1.61569	
2	2.39245	1.04825	2.50534	
2	1.59678	1.54962	0.95254	
2	1.41638	1.87507	3.55735	
2	1.27517	2.49033	1.25677	
2	1.95703	1.49083	1.49182	
2	2.48239	1.97863	5.73688	
2	2.40195	1.94348	1.427	
2	0.741862	0.620909	4.61894	
2	1.26536	1.00313	6.28722	
2	0.727725	1.04926	3.57179	
2	1.54734	1.54789	1.9407	
2	2.54769	0.681144	5.6995	
2	1.38153	1.19525	1.42337	
2	1.31718	1.93913	5.5339	
2	1.69856	1.26281	2.5748	
2	1.85457	1.29371	4.55876	
2	1.22394	1.05389	2.90886	
2	0.621945	2.45724	0.345485	
2	1.68577	2.53549	2.4235	
2	2.46401	1.06974	6.7627	
2	1.74601	1.27937	0.34298	
2	1.81575	2.11028	1.92745	
2	-0.0470045	2.05966	0.390792	
2	2.51186	1.33954	1.40766	
2	2.38972	2.14947	4.68512	
#ITERATION
93000
#type theta	psi	phi
1	0.700347	2.14046	5.55619	
1	1.084	1.5448	3.24473	
1	0.691102	3.82834	6.6404	
1	3.50899	1.62108	5.55962	
1	0.680243	2.09963	1.36737	
1	-0.794949	0.595057	3.37033	
1	2.17733	1.62679	5.01635	
1	2.48828	1.12431	4.6874	
1	0.609288	1.89748	2.51307	
1	0.0806965	1.00282	4.02473	
1	1.9266	1.00566	6.1054	
1	1.21207	2.10288	5.01108	
1	0.417343	1.5026	3.59684	
1	1.86312	1.09908	1.05364	
1	-1.51528	0.617349	2.56149	
1	1.90227	2.12479	5.26933	
1	3.24393	2.08858	6.39988	
1	1.05851	1.59741	3.93406	
1	2.00653	1.57341	3.53043	
1	2.4286	2.16049	0.495961	
1	1.92006	1.581	5.67184	
1	2.20013	1.64213	4.19957	
1	0.647369	1.80976	0.428344	
1	1.66508	1.77838	2.53361	
1	1.22378	1.00805	0.794283	
1	2.53119	2.53052	5.68223	
1	1.62085	2.43312	0.323267	
1	2.45701	1.87342	3.42065	
1	2.10313	1.59403	2.09639	
1	1.97327	0.878657	3.11218	
1	2.01956	1.0936	3.99121	
1	1.86503	2.07353	-0.289778	
1	1.74149	1.91266	4.66125	
1	0.572589	2.44453	2.80841	
1	1.68163	1.91906	0.35059	
1	1.68582	1.43764	3.02272	
1	1.92849	2.53994	4.54398	
1	2.34951	2.10869	2.48271	
1	2.20254	1.56998	2.82195	
1	1.94858	2.09309	3.8861	
1	1.44527	2.48767	-0.593017	
1	3.55714	1.58347	3.6009	
1	1.12355	2.00434	0.0463087	
1	1.10849	2.06772	0.768046	
1	2.42199	0.732102	1.29425	
1	2.79552	0.62	3.56827	
1	-1.4454	1.18817	2.44185	
1	0.906695	1.51778	1.08748	
1	1.55702	1.5181	-0.166061	
1	1.57602	1.59165	5.12975	
