2	0.742716	1.14649	4.72309	
2	0.943278	1.62483	5.25085	
2	-0.207287	-0.0682715	4.03885	
2	2.13594	1.68218	0.711236	
2	1.34687	1.78722	1.4875	
2	1.17959	-0.623275	-0.704313	
2	1.29338	0.530514	1.2524	
2	0.609203	1.27756	0.249303	
2	1.54053	1.56497	4.03519	
2	0.722049	1.00537	1.38772	
2	2.5683	1.05925	2.12188	
2	1.59686	1.59238	0.923194	
2	1.42148	1.86944	3.44563	
2	1.28166	2.39892	1.52752	
2	1.92508	1.56616	1.44684	
2	2.48565	2.0349	5.5862	
2	2.45766	1.93761	1.31407	
2	0.700993	0.574074	4.70666	
2	1.21507	1.19277	6.25402	
2	0.675519	0.976028	3.57902	
2	1.55958	1.53942	1.99613	
2	2.52281	0.610008	5.66726	
2	1.38519	1.2327	1.45224	
2	1.32904	1.95645	5.73743	
2	1.88771	1.20462	2.4954	
2	1.77643	1.28713	4.56348	
2	1.30635	0.904782	2.85356	
2	0.538027	2.48433	0.632717	
2	1.74795	2.53798	2.43684	
2	2.48843	1.11527	6.61449	
2	1.83422	1.32786	0.413866	
2	1.8171	2.03696	1.80581	
2	-0.0151865	2.0779	-0.452237	
2	2.46742	1.37645	1.17881	
2	2.40865	2.11014	4.57538	
#ITERATION
97000
#type theta	psi	phi
1	0.692357	2.19213	5.46331	
1	0.958364	1.55164	3.0497	
1	0.739451	3.81913	6.6196	
1	3.53551	1.63733	5.63542	
1	0.799065	1.97373	1.5308	
1	-0.648367	0.572068	3.44247	
1	2.25281	1.65975	4.78945	
1	2.37836	1.03201	4.77175	
1	0.576341	1.90689	2.47132	
1	0.00908083	1.02759	3.79133	
1	1.92037	1.10346	5.98945	
1	1.24719	2.01887	4.89859	
1	0.333518	1.56221	3.50814	
1	1.78683	1.10161	0.958881	
1	-1.49024	0.604697	2.57505	
1	1.91799	2.05334	5.1396	
1	3.26852	2.14721	6.52832	
1	1.02661	1.52925	3.84964	
1	1.97689	1.44102	3.48773	
1	2.34307	2.13202	0.397171	
1	1.97146	1.5676	5.54024	
1	2.08658	1.58149	4.14603	
1	0.631759	1.92463	0.268965	
1	1.7885	1.83917	2.40509	
1	1.2269	1.06359	0.65561	
1	2.40478	2.50479	5.79027	
1	1.6767	2.56674	0.38833	
1	2.45018	1.85044	3.45882	
1	2.2007	1.60624	1.99789	
1	1.99914	1.02271	3.0527	
1	1.9287	1.01347	3.98481	
1	1.85448	2.04004	-0.432396	
1	1.71025	1.83429	4.60764	
1	0.747928	2.49511	2.28848	
1	1.78104	1.90371	0.448612	
1	1.62567	1.54242	2.96463	
1	1.62514	2.45952	4.49051	
1	2.40088	2.1427	2.4539	
1	2.17701	1.57448	2.80033	
1	1.93232	2.04741	3.83982	
1	1.33894	2.47655	-0.709168	
1	3.42705	1.64121	3.35468	
1	1.22768	2.09893	-0.0588769	
1	1.19212	2.16605	0.671832	
1	2.49463	0.794595	1.06523	
1	2.61783	0.68035	3.37181	
1	-1.38875	1.29782	2.43823	
1	0.960223	1.56823	1.06603	
1	1.50232	1.58748	-0.204012	
1	1.56358	1.56569	5.09701	
1	2.44195	2.54523	1.51165	
1	1.42267	1.20867	3.51134	
1	2.14108	1.59552	-0.0609334	
1	-2.142	3.06756	-0.344469	
1	0.99977	1.47122	1.79745	
1	1.38657	2.41658	3.53784	
1	1.90273	2.01189	3.17496	
1	-0.385478	1.66123	2.06681	
1	1.87634	2.13694	1.03043	
1	0.39918	1.53672	1.48602	
2	1.4756	0.670617	3.44194	
2	2.02318	1.1871	1.64945	
2	0.704507	1.92745	4.45769	
