2	1.87767	2.04658	1.89142	
2	-0.00289766	2.10658	-0.246837	
2	2.4557	1.23914	1.32713	
2	2.49151	2.08576	4.73414	
#ITERATION
91000
#type theta	psi	phi
1	0.77132	2.10323	5.55951	
1	1.06905	1.53726	3.25575	
1	0.565675	3.79307	6.48806	
1	3.39761	1.69967	5.16795	
1	0.693434	2.01801	1.37651	
1	-0.710008	0.645702	3.38709	
1	2.25441	1.55643	4.98761	
1	2.51762	1.03705	4.44204	
1	0.5531	1.86316	2.73272	
1	-0.0118733	0.993243	4.33518	
1	1.93272	1.08267	6.07708	
1	1.28766	2.09025	5.00657	
1	0.482459	1.62014	3.77534	
1	1.89484	1.11192	1.13678	
1	-1.42328	0.667351	2.49445	
1	1.97116	2.16038	5.31171	
1	3.0754	2.16326	5.78209	
1	1.07947	1.64791	3.94865	
1	1.96037	1.70295	3.5521	
1	2.45643	2.13064	0.561574	
1	2.01688	1.55157	5.69691	
1	2.28918	1.49782	4.18936	
1	0.622507	1.86399	0.30546	
1	1.74423	1.94704	2.46251	
1	1.32837	0.976155	0.852623	
1	2.41174	2.58596	5.5581	
1	1.63768	2.5084	0.395191	
1	2.53129	1.88215	3.56359	
1	2.1317	1.644	2.22008	
1	1.88107	1.03865	3.1116	
1	1.98513	1.09246	3.88082	
1	1.95699	2.09337	-0.212437	
1	1.87772	1.86508	4.66429	
1	0.558882	2.50867	2.36171	
1	1.72619	1.98764	0.443215	
1	1.61237	1.56627	3.08804	
1	1.77018	2.4689	4.61651	
1	2.40454	2.08756	2.38706	
1	2.20194	1.61716	3.01546	
1	2.00207	2.15369	3.99494	
1	1.31202	2.47149	-0.599344	
1	3.6046	1.51582	3.58056	
1	1.17593	2.09296	-0.00742405	
1	1.142	2.01813	0.74861	
1	2.38649	0.691329	1.33311	
1	2.71832	0.574944	3.63685	
1	-1.48411	1.26853	2.49862	
1	0.780653	1.54391	1.00801	
1	1.58768	1.65556	-0.0192835	
1	1.64786	1.61921	5.24869	
1	2.30987	2.63556	1.51068	
1	1.49736	1.25823	3.61067	
1	2.21587	1.60161	0.0823349	
1	-2.79174	3.18508	0.0393031	
1	0.893097	1.56848	1.95285	
1	1.49243	2.54525	3.5506	
1	2.02493	2.14529	3.1384	
1	-0.422503	1.5398	2.29873	
1	1.82493	2.06741	1.11179	
1	0.265303	1.59007	1.26514	
2	1.40642	0.572415	3.61905	
2	1.94509	1.04159	1.79802	
2	0.811779	1.85984	4.56445	
2	1.06181	1.59433	2.5882	
2	2.82931	1.57092	4.7301	
2	1.24589	1.04358	5.03024	
2	0.798109	2.11376	3.50475	
2	0.801907	1.10169	5.58195	
2	2.47003	1.2049	-0.604064	
2	1.26647	2.13463	3.02276	
2	1.93394	1.00747	5.27658	
2	1.07707	2.13269	2.23165	
2	1.24653	0.986328	4.30303	
2	1.85858	0.606764	4.61314	
2	1.32168	2.14312	4.27368	
2	1.32065	1.58695	4.57281	
2	0.700076	0.648342	2.44074	
2	-0.586349	2.50418	1.4494	
2	2.45144	1.16896	3.37585	
2	1.31505	1.54742	0.525734	
2	3.22645	1.01008	3.11864	
2	1.05046	1.65589	-0.345956	
2	1.7562	0.606035	6.67999	
2	0.584893	1.23839	2.82005	
2	1.15388	1.09346	2.16174	
2	0.722494	1.24994	4.51959	
2	1.06053	1.52606	5.21122	
2	-0.185934	0.0456918	4.27662	
2	2.19377	1.66496	0.874696	
2	1.24475	1.88521	1.57219	
2	1.22055	-0.662803	-0.644121	
2	1.36292	0.552919	1.53076	
2	0.679772	1.28209	0.205295	
2	1.71427	1.62569	4.08885	
