2	0.582202	1.12828	1.66433	
2	2.47097	1.12345	2.2849	
2	1.44428	1.55602	1.11382	
2	1.48604	1.98937	3.58635	
2	1.27818	2.403	1.45654	
2	1.85918	1.6366	1.51118	
2	2.5147	1.90918	5.68343	
2	2.35016	1.9779	1.50152	
2	0.582211	0.714997	4.90952	
2	1.24013	1.10922	6.31323	
2	0.715889	0.953619	3.60396	
2	1.48857	1.63939	2.02103	
2	2.3861	0.620581	5.72041	
2	1.23293	1.15089	1.47706	
2	1.51018	1.90925	5.71068	
2	1.61494	1.34618	2.56807	
2	1.83372	1.21053	4.57944	
2	1.19185	1.06072	2.91855	
2	0.648877	2.47404	0.341324	
2	1.76334	2.52939	2.4875	
2	2.3868	1.07951	6.76711	
2	1.84665	1.32298	0.470263	
2	1.80705	2.14108	1.84186	
2	-0.0127367	2.03682	-0.303673	
2	2.45383	1.39816	1.50683	
2	2.49985	2.07971	4.67308	
#ITERATION
92000
#type theta	psi	phi
1	0.673993	2.00675	5.59317	
1	1.02391	1.55365	3.21694	
1	0.672322	3.83217	6.41456	
1	3.5464	1.65147	5.39134	
1	0.71786	2.03162	1.47822	
1	-0.555392	0.655507	3.29693	
1	2.31737	1.58021	4.94205	
1	2.46419	1.0724	4.47224	
1	0.637079	1.77645	2.38716	
1	0.192355	1.02469	4.31322	
1	1.97696	1.09054	6.09854	
1	1.28614	2.14214	4.87285	
1	0.499495	1.62852	3.63791	
1	1.83096	0.994944	1.07746	
1	-1.40737	0.558296	2.54797	
1	1.90108	2.18718	5.35641	
1	3.09173	2.20887	6.26592	
1	1.02799	1.61583	3.93395	
1	1.95922	1.54634	3.55813	
1	2.38537	2.15086	0.422592	
1	1.96376	1.59852	5.69724	
1	2.221	1.60594	4.20651	
1	0.592669	1.93947	0.373712	
1	1.74839	1.8536	2.54092	
1	1.20274	0.978386	0.775757	
1	2.40471	2.57509	5.59777	
1	1.60777	2.49804	0.299188	
1	2.50568	1.86855	3.3425	
1	2.0811	1.50494	2.12879	
1	1.87769	1.04523	3.24062	
1	1.87941	1.02519	4.01111	
1	1.81061	2.1092	-0.28613	
1	1.81679	1.88857	4.63307	
1	0.520183	2.43367	2.35895	
1	1.67632	1.88093	0.421164	
1	1.59486	1.52116	3.11816	
1	1.77872	2.55419	4.46189	
1	2.28441	2.11958	2.45184	
1	2.17393	1.52928	2.77578	
1	2.03168	2.10113	3.79484	
1	1.21988	2.57071	-0.769054	
1	3.57602	1.59172	3.54918	
1	1.15171	2.06627	-0.10158	
1	1.12262	2.01717	0.779623	
1	2.54276	0.55646	1.43837	
1	2.37506	0.621633	3.79732	
1	-1.44812	1.30173	2.57319	
1	1.00555	1.56392	1.01163	
1	1.57652	1.5677	-0.0772519	
1	1.66905	1.59126	5.09516	
1	2.49145	2.58203	1.57178	
1	1.38326	1.23788	3.60501	
1	2.16946	1.62882	0.182342	
1	-2.37374	3.18656	0.0565879	
1	1.01431	1.49047	1.79989	
1	1.34152	2.52163	3.4286	
1	1.9066	1.99776	3.11754	
1	-0.388958	1.44096	2.36972	
1	1.9488	2.13518	0.971973	
1	0.372939	1.5786	1.30141	
2	1.28322	0.596941	3.51322	
2	1.90519	0.921025	1.80887	
2	0.717473	1.89307	4.59717	
2	1.17794	1.585	2.58741	
2	2.91263	1.64004	4.85646	
2	1.33257	1.05809	5.01567	
2	0.744103	2.14859	3.51734	
2	0.730734	1.03455	5.54997	
2	2.46298	1.36221	-0.562058	
2	1.29007	2.07799	2.94701	
2	1.97872	1.03282	5.3255	
2	1.15041	2.09835	2.13546	
