1	2.16412	1.5719	2.03222	
1	2.0804	1.0875	3.16608	
1	2.05539	1.1127	3.97936	
1	1.8043	2.09557	-0.22546	
1	1.81729	1.83398	4.59273	
1	0.622602	2.44962	2.74277	
1	1.69992	1.85062	0.402077	
1	1.48095	1.51055	2.9903	
1	1.81373	2.45721	4.63824	
1	2.23842	2.06011	2.31319	
1	2.16063	1.60153	2.78163	
1	2.126	2.11854	3.98085	
1	1.13269	2.50226	-0.614405	
1	3.54832	1.66665	3.74767	
1	1.19669	2.06218	-0.0267528	
1	1.17388	2.05622	0.718749	
1	2.40419	0.795082	1.39048	
1	2.66792	0.687754	3.69282	
1	-1.30294	1.27881	2.43357	
1	0.954935	1.57687	1.16498	
1	1.53443	1.59006	-0.113148	
1	1.49319	1.50438	5.08349	
1	2.37293	2.57025	1.39835	
1	1.4688	1.22144	3.51956	
1	2.10252	1.60674	0.0255045	
1	-2.43256	3.14602	-0.543077	
1	0.939634	1.62808	1.90463	
1	1.53633	2.51612	3.67943	
1	1.82444	2.13295	3.11369	
1	-0.331928	1.54587	2.45594	
1	1.81674	2.10174	1.10652	
1	0.33824	1.44637	1.6436	
2	1.69531	0.548613	3.46844	
2	1.97013	1.07997	1.91302	
2	0.608293	1.89497	4.60702	
2	1.12874	1.58607	2.55114	
2	2.77681	1.61143	4.72461	
2	1.30685	1.02578	4.80237	
2	0.771766	2.02404	3.6289	
2	0.694646	0.90001	5.40333	
2	2.43835	1.27176	-0.545298	
2	1.15517	2.03451	2.94716	
2	1.9181	1.06679	5.29831	
2	1.18521	2.16575	2.14251	
2	1.31788	0.928635	4.12593	
2	1.96699	0.72145	4.63245	
2	1.23232	2.09113	4.20682	
2	1.21983	1.56589	4.5247	
2	0.894652	0.43904	2.38002	
2	-0.560213	2.44379	1.26592	
2	2.59332	1.33137	3.52009	
2	1.1396	1.57622	0.36351	
2	3.27338	1.08574	3.59443	
2	0.974544	1.53708	-0.25108	
2	1.83467	0.641477	6.69303	
2	0.710504	1.04286	2.52787	
2	1.20879	1.12093	2.0907	
2	0.736197	1.21547	4.50951	
2	0.859419	1.47216	5.24763	
2	0.323887	-0.201334	3.97621	
2	2.09415	1.55688	0.804898	
2	1.31349	1.87587	1.47194	
2	1.21761	-0.768983	-0.657782	
2	1.4521	0.665616	1.45804	
2	0.607128	1.26987	0.388355	
2	1.59677	1.61512	4.07682	
2	0.796753	0.994385	1.39577	
2	2.46614	1.05916	2.55582	
2	1.51099	1.60877	0.860179	
2	1.37226	1.85749	3.47668	
2	1.34685	2.49124	1.43754	
2	1.83953	1.56602	1.37311	
2	2.39235	1.8713	5.55381	
2	2.38191	1.95403	1.43966	
2	0.878444	0.499113	4.59984	
2	1.08178	0.985238	6.20025	
2	0.819966	0.895855	3.46474	
2	1.52631	1.60306	2.00086	
2	2.47143	0.720546	5.89056	
2	1.37272	1.29998	1.51182	
2	1.26981	1.81944	5.59348	
2	1.69474	1.28777	2.50664	
2	1.7736	1.30633	4.58139	
2	1.34358	0.929154	2.90719	
2	0.471961	2.54995	0.59339	
2	1.62774	2.54225	2.50409	
2	2.40914	1.14503	6.69942	
2	1.76012	1.24376	0.324198	
2	1.82745	2.08617	1.80223	
2	-0.0668114	2.02952	-0.1361	
2	2.39807	1.35309	1.36614	
2	2.48778	2.11773	4.67282	
#ITERATION
95000
#type theta	psi	phi
1	0.638458	2.00696	5.63525	
1	0.990275	1.34077	3.12762	
1	0.738971	3.77298	6.98437	
1	3.40131	1.706	5.41742	
1	0.615356	2.1079	1.43751	
1	-0.816831	0.617675	3.44361	
