1	2.53369	2.06554	2.45012	
1	2.322	1.57507	2.91099	
1	1.90804	2.0985	3.90834	
1	1.28367	2.44196	-0.71197	
1	3.62236	1.54735	3.81088	
1	1.09016	2.08367	0.0589468	
1	1.05065	2.18362	0.840509	
1	2.40266	0.568995	1.27487	
1	2.71222	0.594964	3.42909	
1	-1.34129	1.3133	2.52089	
1	0.827674	1.54793	1.14447	
1	1.52038	1.46486	-0.0764231	
1	1.5942	1.58422	5.18362	
1	2.49602	2.44525	1.45185	
1	1.51738	1.18022	3.45238	
1	2.13931	1.63055	0.0477394	
1	-2.88962	3.1559	0.323037	
1	0.94683	1.51214	2.01572	
1	1.47919	2.50182	3.53222	
1	2.1236	2.12893	3.05003	
1	-0.374789	1.57799	2.35896	
1	1.88836	2.13052	0.997221	
1	0.317986	1.58962	1.65683	
2	1.28932	0.603921	3.40187	
2	1.86418	1.05881	1.8333	
2	0.679916	1.92165	4.531	
2	1.25635	1.54054	2.64454	
2	2.78066	1.50784	4.52687	
2	1.22972	1.17678	5.04572	
2	0.831774	2.21476	3.57659	
2	0.688856	1.11665	5.63859	
2	2.50588	1.17804	-0.639365	
2	1.39079	2.01903	2.93484	
2	1.94912	1.02619	5.27628	
2	1.23511	2.04473	2.17075	
2	1.2306	1.11239	4.28692	
2	1.6225	0.655236	4.59299	
2	1.25595	2.12769	4.18837	
2	1.32873	1.67543	4.68414	
2	0.542138	0.613858	2.52243	
2	-0.770675	2.49653	1.38518	
2	2.47768	1.23815	3.50917	
2	1.15131	1.56361	0.449144	
2	3.25192	1.04916	3.57278	
2	0.874446	1.6128	-0.267398	
2	1.62397	0.616642	6.75986	
2	0.592039	1.26146	2.65545	
2	1.26201	1.02798	2.16121	
2	0.679854	1.28883	4.67112	
2	0.933171	1.61126	5.19911	
2	-0.540603	0.0977701	3.48602	
2	2.17018	1.64012	0.810247	
2	1.33586	1.87677	1.48152	
2	1.28302	-0.598715	-0.754276	
2	1.40232	0.581258	1.57829	
2	0.615486	1.23878	0.499303	
2	1.62128	1.52027	4.09555	
2	0.665689	1.00655	1.48493	
2	2.45435	1.0347	2.37638	
2	1.49115	1.6042	0.916444	
2	1.40056	1.87095	3.54087	
2	1.44412	2.49138	1.47687	
2	1.92259	1.59514	1.49034	
2	2.55763	1.78308	5.61832	
2	2.45028	1.8895	1.41684	
2	0.677136	0.697808	4.52068	
2	1.18799	1.06392	6.45226	
2	0.737892	1.04137	3.63464	
2	1.58423	1.51672	1.96907	
2	2.43336	0.601487	5.5987	
2	1.29034	1.32356	1.49237	
2	1.29852	1.86757	5.64938	
2	1.77282	1.27836	2.52367	
2	1.7769	1.22943	4.65099	
2	1.31616	1.01445	2.79022	
2	0.529663	2.57651	0.407979	
2	1.80664	2.52562	2.5104	
2	2.26547	1.14479	6.7709	
2	1.73741	1.319	0.468803	
2	1.80713	2.0537	1.83524	
2	-0.0924837	2.07801	0.0765294	
2	2.4091	1.14684	1.37587	
2	2.52	2.04681	4.75357	
#ITERATION
90000
#type theta	psi	phi
1	0.667932	2.14972	5.71798	
1	1.02396	1.58949	3.14369	
1	0.604336	3.69637	6.68955	
1	3.43816	1.51855	5.59494	
1	0.692573	2.04297	1.56855	
1	-0.624492	0.606196	3.18064	
1	2.15488	1.65612	5.02687	
1	2.44252	1.09047	4.63569	
1	0.710497	1.8653	2.6152	
1	0.0749217	1.06163	4.79087	
1	1.975	1.14883	6.13461	
1	1.3252	2.09071	4.96724	
1	0.449617	1.59807	3.78077	
1	1.80408	1.03582	0.981965	
1	-1.46557	0.785704	2.37704	
