2	1.28478	1.5532	2.48265	
2	2.76275	1.66453	4.48143	
2	1.22699	1.0186	4.96323	
2	0.724925	2.07645	3.5835	
2	0.80701	0.986093	5.65456	
2	2.53293	1.35374	-0.687484	
2	1.26111	2.09996	2.84298	
2	1.91822	1.08785	5.24768	
2	1.35118	2.05143	1.9956	
2	1.29009	0.940759	4.10532	
2	1.83095	0.58316	4.70527	
2	1.2277	1.97981	4.11582	
2	1.29857	1.4394	4.56402	
2	0.765335	0.480624	2.44702	
2	-0.607112	2.59551	0.9001	
2	2.53514	1.29638	3.58557	
2	1.20683	1.62128	0.340426	
2	3.17474	1.07774	3.76427	
2	0.833884	1.60987	-0.421412	
2	1.83076	0.72089	6.63987	
2	0.653259	1.18435	2.46942	
2	1.34076	0.928336	2.00589	
2	0.646968	1.17582	4.58318	
2	0.984513	1.50323	5.13346	
2	0.093785	-0.152408	4.14089	
2	2.21863	1.60609	0.694854	
2	1.4034	1.85936	1.31342	
2	1.16954	-0.63216	-0.773548	
2	1.48536	0.522801	1.24347	
2	0.579066	1.23119	0.432967	
2	1.57129	1.49174	3.92843	
2	0.818333	1.02415	1.37294	
2	2.47408	1.10929	2.37671	
2	1.45754	1.53895	0.848231	
2	1.34873	1.84335	3.42656	
2	1.3355	2.466	1.44139	
2	1.97129	1.63864	1.34428	
2	2.57198	1.99819	5.651	
2	2.54415	1.85692	1.45248	
2	0.596226	0.569103	4.44848	
2	1.2	1.12551	6.2562	
2	0.703492	0.998556	3.504	
2	1.57296	1.58744	1.88192	
2	2.53819	0.738067	5.80644	
2	1.34905	1.27387	1.35523	
2	1.28952	1.88638	5.54826	
2	1.85292	1.26524	2.44155	
2	1.8808	1.27657	4.63687	
2	1.25932	0.984104	2.83666	
2	0.567422	2.52192	0.388478	
2	1.75704	2.47707	2.58362	
2	2.49821	1.18485	6.54741	
2	1.68672	1.34265	0.256855	
2	2.00093	2.13177	1.70645	
2	0.0086725	2.13609	-0.194814	
2	2.58042	1.31016	1.36077	
2	2.34258	2.26025	4.59361	
#ITERATION
98000
#type theta	psi	phi
1	0.712457	2.17695	5.48898	
1	0.925203	1.51904	3.11776	
1	0.699823	3.7311	6.39015	
1	3.58442	1.70115	5.35564	
1	0.709261	2.0236	1.35502	
1	-0.778095	0.622941	3.39857	
1	2.18075	1.54661	5.0188	
1	2.49486	1.05886	4.77922	
1	0.563622	1.87607	2.39799	
1	-0.0530331	0.950863	3.78672	
1	2.00081	1.08446	5.97687	
1	1.21126	2.09309	4.96683	
1	0.375376	1.46497	3.38951	
1	1.93229	1.12071	0.973352	
1	-1.48753	0.625876	2.475	
1	1.88729	2.17308	5.26607	
1	3.09465	2.16074	6.33477	
1	1.06904	1.44693	3.92599	
1	1.94419	1.55023	3.47419	
1	2.37498	2.27667	0.50835	
1	1.9715	1.57304	5.57421	
1	2.24305	1.57354	4.26678	
1	0.508067	1.84857	0.211434	
1	1.71971	1.86546	2.498	
1	1.26886	1.01519	0.579645	
1	2.51945	2.55542	5.65962	
1	1.47869	2.51487	0.41565	
1	2.52739	1.9444	3.55839	
1	2.19383	1.67815	2.09664	
1	1.94994	0.993943	3.15688	
1	2.01405	0.965071	3.8777	
1	1.76628	2.15099	-0.188798	
1	1.7675	1.80704	4.45057	
1	0.65518	2.48402	2.39408	
1	1.69287	1.85366	0.304442	
1	1.49749	1.54239	3.0155	
1	1.70916	2.44593	4.59587	
1	2.36564	2.17454	2.33068	
1	2.16785	1.54244	2.8957	
1	1.87569	2.08957	3.87681	
1	1.32144	2.52313	-0.597669	
