1	2.39179	2.1891	0.493636	
1	1.87548	1.64535	5.53499	
1	2.23923	1.55897	4.13177	
1	0.682047	1.7272	0.198696	
1	1.70795	1.84017	2.43853	
1	1.20286	1.11529	0.823148	
1	2.52359	2.63133	5.36743	
1	1.66298	2.55469	0.274395	
1	2.50632	1.85805	3.47465	
1	2.14353	1.58099	1.96755	
1	2.03313	1.06108	3.16494	
1	1.94657	1.01839	3.97454	
1	1.8564	2.19194	-0.280231	
1	1.72859	1.92295	4.35402	
1	0.57821	2.43913	2.6749	
1	1.7838	1.98722	0.325683	
1	1.59307	1.52174	2.90717	
1	1.65768	2.63983	4.46663	
1	2.34836	2.07429	2.32319	
1	2.1772	1.49142	2.76543	
1	1.98472	2.12406	3.80454	
1	1.23983	2.63165	-0.669189	
1	3.51278	1.65152	3.59411	
1	1.22616	2.00947	-0.018051	
1	1.1617	2.0139	0.666185	
1	2.39462	0.763253	1.23161	
1	2.62612	0.644624	3.33133	
1	-1.41097	1.3096	2.33115	
1	0.876621	1.56069	0.914565	
1	1.63489	1.61843	-0.185419	
1	1.49915	1.69947	5.05427	
1	2.2232	2.55836	1.59674	
1	1.40975	1.1871	3.45473	
1	2.26472	1.73666	-0.0843186	
1	-1.3175	2.94129	-0.383321	
1	1.00479	1.55639	1.79584	
1	1.28829	2.38896	3.41397	
1	1.85305	2.05848	3.00279	
1	-0.326706	1.5031	2.2437	
1	1.76902	2.0902	1.08561	
1	0.38583	1.51657	1.3032	
2	1.64109	0.635834	3.31327	
2	1.86861	1.08374	1.72199	
2	0.590492	1.79096	4.3396	
2	1.14842	1.39792	2.38403	
2	2.936	1.6396	4.25565	
2	1.3889	1.06945	4.88711	
2	0.786782	1.89799	3.32603	
2	0.889612	1.0459	5.50238	
2	2.48769	1.28529	-0.683862	
2	1.19556	2.06494	2.75172	
2	1.87536	1.15498	5.23958	
2	1.15031	2.10646	1.99031	
2	1.26647	0.984728	4.03599	
2	1.92032	0.694121	4.57771	
2	1.20387	2.041	4.05046	
2	1.27014	1.56031	4.5612	
2	0.651426	0.598016	2.42953	
2	-0.598516	2.40981	1.44863	
2	2.57323	1.28019	3.43894	
2	1.20683	1.42244	0.282929	
2	3.23431	1.04136	3.66658	
2	1.01445	1.50915	-0.403642	
2	1.81413	0.727618	6.69134	
2	0.639677	1.1595	2.47128	
2	1.25109	0.935692	2.06248	
2	0.757037	1.22327	4.6418	
2	0.970128	1.63447	5.20837	
2	1.11977	0.0443239	3.96684	
2	2.17389	1.62164	0.643521	
2	1.32963	1.80706	1.36397	
2	1.17108	-0.670261	-0.718337	
2	1.38096	0.668496	1.29219	
2	0.664458	1.11693	0.248488	
2	1.5985	1.4737	4.07388	
2	0.706392	1.017	1.37969	
2	2.45442	1.09524	2.35524	
2	1.56205	1.62901	0.795917	
2	1.35957	1.76113	3.55662	
2	1.17809	2.46607	1.30801	
2	1.86315	1.58525	1.41121	
2	2.38254	1.99931	5.5307	
2	2.44761	1.94632	1.34867	
2	0.772167	0.611211	4.62111	
2	1.31357	0.992738	6.06433	
2	0.697329	0.905441	3.57137	
2	1.54956	1.60673	1.91992	
2	2.53533	0.621542	5.65831	
2	1.37892	1.23783	1.35107	
2	1.27425	2.07789	5.60341	
2	1.70585	1.24734	2.41953	
2	1.82769	1.38458	4.6329	
2	1.24275	0.983203	2.79096	
2	0.567781	2.40158	0.342667	
2	1.7125	2.43403	2.44299	
2	2.38051	1.08012	6.64254	
2	1.78192	1.32108	0.284731	
2	1.79519	2.07704	1.81466	
2	-0.070843	2.02915	0.17357	
2	2.50316	1.36284	1.41537	
2	2.42457	2.0865	4.50601	
