1	3.6493	1.75099	3.50446	
1	1.06545	2.11744	0.0632326	
1	1.16994	2.04518	0.802526	
1	2.43702	0.752364	1.26992	
1	2.70596	0.692848	3.66942	
1	-1.50378	1.27606	2.39265	
1	0.900796	1.54751	0.8509	
1	1.6435	1.60454	-0.193319	
1	1.59545	1.53242	5.01632	
1	2.34088	2.56086	1.55437	
1	1.3872	1.16891	3.52027	
1	2.13039	1.65349	-0.00800528	
1	-2.03589	3.16917	-0.209218	
1	1.01355	1.44187	1.77661	
1	1.38094	2.54091	3.59694	
1	1.97604	2.05041	3.12622	
1	-0.374776	1.64868	2.17252	
1	1.77955	2.08318	0.853448	
1	0.359526	1.52379	1.33754	
2	1.38518	0.528498	3.48438	
2	1.99852	1.03897	1.80541	
2	0.700891	1.86077	4.29043	
2	1.17746	1.49211	2.42973	
2	2.80054	1.70819	4.6652	
2	1.29435	0.979733	4.95072	
2	0.738159	2.0651	3.33133	
2	0.782792	1.06549	5.44845	
2	2.57765	1.39533	-0.566315	
2	1.15692	1.98865	2.84425	
2	1.9709	1.04209	5.23541	
2	1.1203	2.06776	2.06334	
2	1.18509	0.895172	4.21716	
2	1.94215	0.60982	4.64374	
2	1.22959	2.05295	4.13225	
2	1.2051	1.50579	4.49469	
2	0.676372	0.554673	2.28065	
2	-0.614959	2.4188	1.22209	
2	2.529	1.31131	3.45296	
2	1.20906	1.48905	0.278576	
2	3.1959	1.26307	3.88619	
2	0.991919	1.51188	-0.377346	
2	1.81512	0.708209	6.52329	
2	0.6107	1.24065	2.28703	
2	1.37968	0.995912	2.07019	
2	0.693712	1.20237	4.53403	
2	0.936719	1.6444	5.21662	
2	0.769619	-0.109765	4.24915	
2	2.1536	1.6282	0.701099	
2	1.3154	1.83901	1.3618	
2	1.06901	-0.608691	-0.72973	
2	1.5815	0.620422	1.29599	
2	0.619964	1.23541	0.196325	
2	1.63567	1.46462	4.02253	
2	0.853546	0.951839	1.4441	
2	2.59182	1.11732	2.37975	
2	1.60397	1.5838	0.871786	
2	1.43423	1.88233	3.52746	
2	1.41259	2.43864	1.426	
2	1.85167	1.64333	1.36703	
2	2.37036	1.91545	5.71514	
2	2.34536	2.02493	1.26726	
2	0.595853	0.495001	4.59864	
2	1.32441	1.10173	6.16596	
2	0.689415	0.994303	3.5005	
2	1.63014	1.55372	1.92413	
2	2.58028	0.648628	5.8993	
2	1.36589	1.20959	1.2612	
2	1.42315	1.84613	5.60478	
2	1.77725	1.20383	2.54544	
2	1.86379	1.18119	4.52302	
2	1.15448	1.00642	2.82159	
2	0.486053	2.52926	0.199826	
2	1.57499	2.4739	2.60272	
2	2.46483	1.16929	6.77858	
2	1.81871	1.2945	0.293622	
2	1.7975	2.11814	1.88294	
2	-0.0257981	2.02788	0.186189	
2	2.39784	1.43188	1.45887	
2	2.40935	2.13951	4.61088	
#ITERATION
99000
#type theta	psi	phi
1	0.64836	1.98921	5.65648	
1	1.01798	1.46839	3.02343	
1	0.713667	3.83787	6.40871	
1	3.59918	1.67627	5.58316	
1	0.683432	2.01775	1.37909	
1	-0.895155	0.58519	3.35514	
1	2.2549	1.59155	4.94696	
1	2.51299	1.01678	4.63629	
1	0.606341	1.76477	2.40756	
1	-0.0187345	0.974125	3.73901	
1	1.95539	1.07517	5.96783	
1	1.2005	2.15344	4.89157	
1	0.313241	1.49121	3.26209	
1	1.93806	1.12187	0.936862	
1	-1.47565	0.670906	2.33037	
1	1.85713	2.2261	5.13415	
1	3.15234	2.23079	6.13572	
1	0.943809	1.50659	3.89655	
1	1.97023	1.57718	3.52602	
