5.186942543178835879e-02 0.000000000000000000e+00
1.556082762953650833e-01 0.000000000000000000e+00
2.593471271589418148e-01 0.000000000000000000e+00
3.630859780225185185e-01 0.000000000000000000e+00
4.668248288860952222e-01 0.000000000000000000e+00
5.705636797496720369e-01 0.000000000000000000e+00
6.743025306132486296e-01 0.000000000000000000e+00
7.780413814768254444e-01 6.803653500851871046e-03
8.817802323404020370e-01 8.232836098971988426e-01
9.855190832039788518e-01 2.453916818854414483e+00
1.089257934067555667e+00 1.524129102351625464e+00
1.192996784931132259e+00 4.075922515862275275e-01
1.296735635794708852e+00 5.189231872664871320e-02
1.400474486658285667e+00 5.002787830076122627e-02
1.504213337521862481e+00 4.504106708912632984e-01
1.607952188385439074e+00 1.745637675346583206e+00
1.711691039249015889e+00 2.438651239659392456e+00
1.815429890112592481e+00 1.395051929666309309e+00
1.919168740976169296e+00 1.049147145351100985e+00
2.022907591839746111e+00 1.376596394106318622e+00
2.126646442703322926e+00 8.990312228192387511e-01
2.230385293566899296e+00 3.111034844232266061e-01
2.334124144430476111e+00 5.317637570639993649e-01
2.437862995294052926e+00 2.017036600428145920e+00
2.541601846157629740e+00 3.172514970271238965e+00
2.645340697021206111e+00 1.948822110436498889e+00
2.749079547884782926e+00 5.551063062310255258e-01
2.852818398748359741e+00 3.290104768134821667e-01
2.956557249611936555e+00 9.273031235431831165e-01
3.060296100475513370e+00 1.302764534254593709e+00
3.164034951339089741e+00 1.060709130166002545e+00
3.267773802202666555e+00 1.453596188344834728e+00
3.371512653066243370e+00 2.306387981409403043e+00
3.475251503929820185e+00 1.690253886925588089e+00
3.578990354793396556e+00 5.332738859122311270e-01
3.682729205656973370e+00 8.234709551940004590e-02
3.786468056520550185e+00 9.337394317858033199e-02
3.890206907384127000e+00 5.580005609940408284e-01
3.993945758247703814e+00 1.620336418346894236e+00
4.097684609111280629e+00 1.885745714543921814e+00
4.201423459974857444e+00 9.295295009118096363e-01
4.305162310838433370e+00 2.066072093762439388e-01
4.408901161702010185e+00 2.179598705494766378e-02
4.512640012565587000e+00 7.319748296672405445e-04
4.616378863429163815e+00 1.300114979426051981e-03
4.720117714292740629e+00 4.455423621369315745e-02
4.823856565156317444e+00 4.016110734712420305e-01
4.927595416019894259e+00 1.556398351857187778e+00
5.031334266883471074e+00 2.101969193619581677e+00
